9.490112646435311383e-01
-1.969530363427172581e+00
1.009296335087600971e+00
-4.688911529111655652e-01
-1.173806192081599420e+00
5.818572381585480902e-02
1.416536148076676938e+00
-5.808477540687556617e-01
1.952426466525119864e+00
6.302743841811860870e-01
7.246076084119857930e-01
-9.637176231350087496e-01
-7.242904853287918110e-02
-3.614338387140529907e-01
8.156525923479359674e-01
7.058286529798202258e-02
-4.741510706004909981e-01
1.016397953070124593e+00
6.577778600216006855e-02
5.801813237136247414e-01
2.242960692593350736e+00
-5.664673625345466590e-01
2.197210549397775881e-01
7.680658673850156992e-01
-1.168362569970972320e+00
-1.768862735129795194e+00
-1.381778793293816809e+00
4.859118367408897243e-01
2.224696992261074424e+00
1.253725082336650143e+00
