2.125774520904022828e+07
2.466053652215388417e+07
1.641265775650660694e+07
-9.879707568541836739e+07
3.626338760939470679e+07
4.636024334921587724e+05
2.658931297958679125e+07
-3.393635007824352011e+06
1.095169456440686136e+08
3.850736410623648763e+07
4.069454676553631574e+07
-2.234370698272388056e+07
7.239856266615252197e+07
-4.953752876403652877e+07
7.063940981282339990e+07
4.130516643320111558e+06
-9.149666555332677066e+07
5.086370282525359839e+07
-6.709537807773042470e+06
1.071907612263740413e+07
9.746550925004903972e+07
8.714571351705017686e+07
-3.912194704178640246e+07
8.414354224624641240e+07
6.241813034181974828e+07
-5.369251113054174930e+07
2.060689112347776070e+07
-1.594500004914342165e+08
1.417123503611175120e+08
4.151957499462112039e+07
