-2.786050262723799944e+08
-1.339843261627181470e+08
-2.310406243353243470e+08
4.300910937113865614e+08
-9.956244539452154934e+07
2.162676672054187953e+08
-1.847394259757153690e+08
8.488595722712226212e+07
-6.064154966657407284e+08
-1.133753428331799507e+08
-3.137807390344772339e+08
7.284520063331262767e+07
-2.985139571403970122e+08
6.179827873408408165e+08
-5.113357709785158634e+08
2.492460367034033835e+08
2.821199675911375880e+08
-2.244561803371361792e+08
2.012250013022890687e+07
-1.403210336175642014e+08
-6.201136918321852684e+08
-2.351529014674471021e+08
1.796786370995782018e+08
-3.240091628366244435e+08
-2.472258209637081623e+08
3.904685304456650615e+08
-9.828785850831982493e+07
9.394439075649347305e+08
-7.400740008330409527e+08
-4.766993764138336182e+08
