8.352570241962298155e+08
3.611241410157476068e+08
3.500190455266740918e+08
-3.939827613483560085e+08
2.268874454229472280e+08
3.710011307616667747e+08
6.976712669300378300e+06
1.274070985108425915e+08
-4.106715471289021373e+08
-4.810548174217028618e+08
-2.222423720177331865e+08
7.853745451918729544e+08
2.172994060178231299e+08
-1.195788470562935621e+08
3.221607142276527882e+08
-6.741915778364906311e+08
-3.031281485450488329e+08
7.915278847643933296e+08
3.382957486243536472e+08
2.139131660076431632e+08
9.608461213036124706e+08
-2.458849956991574764e+08
-9.603926145089242458e+08
1.922762821480249166e+08
-1.101072421088255644e+08
4.716586956403930187e+08
-1.188523753051933646e+08
5.603510243397418261e+08
-2.978337169686820507e+08
-4.301463654633311033e+08
