-6.985143201977709961e+10
-1.074159479566736755e+11
-2.961181713831424561e+11
1.332616664283783112e+11
-1.780018451699748535e+11
1.526368178115575981e+10
-3.210327406064952393e+11
2.577989426693979492e+11
-1.113343208985217285e+11
7.877367957490332031e+10
-1.291199792840907135e+11
5.655659177889599609e+11
1.977217648644230347e+11
-3.867605377800802002e+11
-1.941899192747219543e+11
-6.103115856592412949e+09
-1.965887236022641296e+11
-1.921971957303792114e+11
-2.169116135772201233e+11
-3.453166008413432007e+11
-3.652135488280876465e+11
-2.196668853630779419e+11
9.567003150370675659e+10
2.168417560454859161e+10
-2.732891432190997620e+11
1.477713902759948425e+11
-4.191961449588794556e+11
3.967618129975689087e+11
-8.120591175875772095e+10
1.181585779915054512e+10
-5.994751304944113159e+10
1.630999411916067810e+11
1.832279197260300598e+11
-9.814099180613159180e+10
-3.068175717830065308e+11
-1.803358423994428406e+11
6.019779919013338623e+11
1.587881686765983582e+11
-1.518067160526368408e+11
1.369293705278808594e+11
3.123666898815273438e+11
6.226118916481815338e+10
-6.533832591641777039e+10
-3.770321730466866455e+11
4.978109165414122314e+11
1.996698446561648560e+11
1.538595361987928772e+11
3.732919333701209106e+11
2.358231652947204590e+11
-2.444513302093660583e+11
