-3.407086489767209961e+12
3.337942094570181641e+12
3.527066694520868652e+12
-1.425524687052262451e+12
-8.494586950020325928e+11
2.809638046209285278e+11
8.141885032760961914e+10
1.973842752306113770e+12
-2.352737764599904297e+12
-3.068537657315983582e+10
1.311042396185014160e+12
4.657375738881810913e+11
-1.230077167165787109e+12
1.696479027757388428e+12
-2.212350057349297363e+12
9.352221487159462891e+11
6.901605120367955322e+11
2.704477912125948242e+12
-2.697185304809439941e+12
2.700165606123721680e+12
9.230453886910849609e+11
-2.435453489139434082e+12
-1.747656555526029541e+12
-1.597354549786225586e+12
-1.708786489738638184e+12
-2.368866173274429199e+12
1.874152569800672363e+12
-5.183631960378898315e+11
-9.647111570384570312e+11
-2.011068272126114258e+12
8.086558450350914001e+10
1.402921005854657471e+12
-1.528372620017064209e+12
2.794293518145634766e+12
-1.427792252646251709e+12
-1.066605393718024902e+12
-3.203794846608672363e+12
2.914791380711191406e+12
1.991963166570181885e+12
-2.516354502088959473e+12
6.194715255662634850e+09
1.077016789446551270e+12
1.066680451638920776e+12
-5.032615963671547241e+11
-1.840927658752666260e+12
1.705689019236527100e+11
-1.847837390790252991e+11
-3.884294528411222656e+12
-1.683649648739569824e+12
-1.008159694646927948e+11
