-5.974292641448123932e+10
1.935821647033150101e+10
2.333859359353890381e+11
9.400215532356677246e+10
4.497376069843375206e+09
4.969756599210941315e+10
-7.414515780961526871e+09
1.748293378989873648e+09
-1.104372172936262817e+11
-7.210473626496823120e+10
-1.003971560676649628e+11
8.626986231820469666e+10
5.597753492089730835e+10
-4.906514948604781342e+10
-4.850993630806965637e+10
2.311769472180276108e+10
-7.313407486516119385e+10
3.245820822267717743e+10
-1.078507080969437027e+10
3.593149071791921139e+09
6.735893721161587524e+10
-7.424949764465147400e+10
-4.985774433570269012e+10
-7.694658904856924438e+10
-8.741254827785740662e+10
-9.900081954981605530e+09
2.934541241163566589e+10
-2.272658516586622715e+09
-4.074002493738568115e+10
-4.157767718617325592e+10
