1.807449746228729062e+14
-1.811983121136898750e+14
-1.767898529174497500e+14
9.418500168179326562e+13
4.577015720971159375e+13
6.373680995821624023e+12
-8.919045128897980469e+12
-1.168223006074695469e+14
1.384215351498382031e+14
3.845287766641900000e+13
-3.296922064378041797e+13
-4.284623790629198456e+10
1.457215227002958203e+13
-8.778890584622017188e+13
1.373548184816756406e+14
9.333118587713051562e+13
-3.885468549535871875e+13
-1.011592533093763125e+14
1.176555716253836094e+14
-2.024437782584636562e+14
-2.770525917364968359e+13
8.007780961673603125e+13
4.513362970402104688e+13
3.443145607410401562e+13
2.842602618069831641e+13
1.163409224037806094e+14
-9.027673252392250000e+13
3.885978292554924219e+13
2.225053610443115625e+13
1.408305048851969062e+14
-5.175969820634795312e+13
-9.583340017488792188e+13
5.899154193651896875e+13
-1.398262312222522344e+14
3.622686389044380469e+13
1.543910422788189453e+13
1.763572686306109062e+14
-1.578795494203893125e+14
-4.278608241715356250e+13
1.076731783546699688e+14
2.703066561415231250e+13
-1.095189110667751250e+14
-8.481685955258550000e+13
-2.420123780202545703e+13
1.847165710373199688e+14
1.411471527768139062e+13
1.092318015115449219e+14
1.861178614742845938e+14
1.165320608006299062e+14
-3.437824498995713281e+13
