-9.128916320399873750e+14
-6.768205466393585938e+13
2.840893746428102500e+14
-5.277907975768609375e+14
-3.217069242823820000e+14
2.961447935896327500e+14
-9.515798897272542500e+14
2.767561855776941562e+14
-4.103315911304334375e+14
9.920638661551332812e+13
-7.329613903669676250e+14
7.650916766881167500e+14
5.255239982995828125e+13
-4.436140758915150625e+14
-1.029682547424905781e+14
4.218393542682615000e+14
-7.907583317052796250e+14
-5.416901631560637500e+13
-1.098392660554174125e+15
1.675351078205538125e+14
-5.203694269485329375e+14
-1.350089268911761562e+14
-2.703967403957079688e+13
-6.130678177366846250e+14
-1.075929766992934000e+15
-1.347725983069507812e+14
-1.076612697444942250e+15
1.212891057347447750e+15
-8.109750135978695000e+14
-3.073520004400800000e+14
-9.303785296340596250e+14
1.318385291223001500e+15
4.286280171701613125e+14
-4.145952544323760625e+14
-8.443719646827223750e+14
-3.608125728443616875e+14
6.295439454929930000e+14
7.787038756524678750e+14
1.985533813880066016e+13
-2.177890948111264062e+14
5.594237681818031250e+14
-5.567479257569288125e+14
7.918411790945051562e+13
-5.734718225563037500e+14
-2.988312788487326953e+13
-3.000639844307925625e+14
3.556642558983868125e+14
9.270144728287777500e+14
1.286046128104306562e+14
-2.918950857913803125e+14
