1.132424988741207344e+14
-7.549195486772558594e+12
6.564183248279607031e+13
-1.818684803217450938e+14
5.891737717984624219e+13
-5.354867682258338281e+13
3.539509337874935938e+13
1.332895829959663086e+13
1.389925534727974531e+14
3.996443423532246875e+13
7.717943147338212500e+13
7.678826464204037109e+12
4.633819563966255469e+13
-1.496248666465262188e+14
1.315869042642592656e+14
-7.823673558246884375e+13
-1.099557514666341562e+14
7.721451004106048438e+13
-4.546723037055433594e+13
3.121279884533269141e+13
1.615966268728335000e+14
8.621751754536468750e+13
-7.196436895049382812e+13
1.464194067899276875e+14
9.415190620055746875e+13
-1.127273199411686719e+14
2.951870408704568750e+13
-2.954806541121292500e+14
1.708785102182763750e+14
1.196975915649871562e+14
