-6.403027270662728906e+13
3.592825883430086426e+12
1.159828416210060000e+14
7.958530400358612500e+13
-9.955517875977895312e+13
1.160193739159138594e+14
4.827460177898326562e+13
-4.832070902100415625e+13
-9.553536899813454688e+13
-1.166929485092742383e+13
-9.122977638392484375e+13
7.069547009137325000e+13
-7.636022775041828125e+12
-3.895721457295655469e+13
-3.170942439794254688e+13
1.586359373686384688e+14
8.680169233185771875e+13
1.000782022282721406e+14
-2.585645466903972266e+13
3.799199048002750000e+13
2.448290176583017578e+13
-1.458044063680299805e+12
1.264903808253196484e+13
-4.293101307991621582e+12
-2.952447654932778516e+13
-1.016806053085787812e+14
7.415335646172292188e+13
3.754474713497189062e+13
-6.465135571959105469e+13
-8.298007663291503125e+13
