1.699389998526417920e+17
-4.611737055623561600e+17
-5.043683697537179520e+17
2.133152422902279680e+17
3.224206661024186000e+16
-9.109191150484502400e+16
1.073329643462213120e+17
-2.311766730244066560e+17
3.349049513954129920e+17
9.308703879677198400e+16
-9.355400881152404800e+16
-6.061501475600280000e+16
1.490748330742599040e+17
-1.069091824747474080e+17
1.990335342376687680e+17
2.966757587685910400e+17
-7.057696521513085600e+16
-2.942376326310688000e+17
-6.429264572262189600e+16
-2.507739146560418560e+17
1.591507721061794400e+16
7.738683403139529600e+16
-8.828680083102484800e+16
2.830811371830819200e+17
-1.011232135902439750e+15
1.842954530505366720e+17
-2.903967962762446720e+17
7.665059281526641600e+16
-1.528597866928035200e+17
4.347678516082171520e+17
-1.268773642586136960e+17
-5.413213143124532000e+16
3.376581875684845440e+17
-3.033385079458519040e+17
-7.542438217476733000e+15
4.291317233269140000e+16
2.499635694352346880e+17
-1.804070194624184640e+17
-1.333931575728831040e+17
1.113234570786774400e+17
3.267522903645409280e+17
-3.915995567865055360e+17
-3.174232089427166500e+15
2.460907263821570560e+17
2.578798159597484160e+17
-2.136970608371110400e+16
4.615681464015376000e+17
4.325810016325960960e+17
3.583824390323362560e+17
-2.769798216333965440e+17
