-3.522785884524484000e+15
1.347144787868017750e+15
4.498630239595408500e+15
2.298325957270827500e+15
-2.346120589614791250e+14
4.084049377693219000e+15
1.894305729505644000e+15
-4.486938206203278906e+13
-1.406963018567383000e+15
-1.697011813496831000e+15
-4.394213116301864000e+15
4.538212234786365625e+14
-4.888820435561441250e+14
3.452760735789777734e+13
-2.688875952045724500e+15
4.469512948911949500e+15
6.488107849652997500e+14
2.220460162505991000e+15
-3.553015856838101000e+15
-2.348418732240539453e+13
3.117297178678149500e+15
-1.698776451995472000e+15
2.755999286091727500e+15
-1.719414913027481000e+15
-7.443601788615526250e+14
-1.098862423911376250e+15
6.481053248009557500e+14
1.259125502030413250e+15
-2.161423420998228500e+15
-5.727191145127187000e+15
