1.515589621099329452e+04
-2.452123441930347180e+05
-1.496992081329291395e+05
5.737764281408711395e+04
-2.362862920188866847e+05
-6.397725099500021315e+04
-4.732246958892762632e+04
1.910345451661921397e+05
-5.137059331016415381e+05
-2.440173970855377265e+05
-9.975401484376864391e+04
5.816862351678784762e+04
-3.018030667464961298e+05
2.787545600932740490e+05
-2.355593272054284171e+05
-6.887387790778187627e+04
2.600015725145777396e+05
-1.850157924493216851e+05
6.944198099278393784e+04
-1.049194050633420375e+04
-6.714658082426310284e+05
-3.340867669881100883e+05
-2.622319914521286410e+04
-2.770103927028246690e+05
-1.544199014622742252e+05
3.714894537719105720e+05
-4.039806868406377180e+04
5.908190332985057030e+05
-3.864674356073170202e+05
-8.872436834817744966e+04
