1.135828665569842095e+06
3.693621779697854654e+05
9.085089533444021363e+05
-1.295593666055973299e+05
8.306180750632545678e+05
6.448189748603559565e+05
-4.007266718945950270e+05
4.683424667839531321e+05
4.037559712902287720e+05
-3.688962692378108623e+05
-5.903052948039789917e+05
1.082692858934039483e+06
1.278011142582057946e+05
2.753424937073153560e+05
4.655366334564819699e+05
-8.480296063050121302e+04
5.199631142305194953e+04
5.654204675920609152e+05
6.828195219591798959e+05
1.196569067929242010e+05
8.900739653760447400e+05
7.909252407955206581e+04
-6.449969915415273863e+04
1.292013561046466930e+05
2.190239032658331853e+05
6.056826014815953095e+05
4.169746505689033074e+05
3.615298753548708628e+05
4.376189740303910221e+05
-2.869113102378075710e+05
