4.180710187401977833e+06
8.299118194648978533e+05
1.633073219909934793e+06
-2.394412287267775740e+06
-5.835874998245093739e+05
1.227785325769676827e+06
5.088381640070779831e+05
-8.433766112514021806e+05
-4.291067964963119477e+06
-1.711574753986971918e+06
-8.958328440635715378e+05
4.059682045701665338e+06
1.829424657915538875e+06
-3.706675642063979991e+06
2.510745547186426353e+06
-3.603327853110616095e+06
-3.734102182075688150e+06
4.596714327277222648e+06
5.562508433106854791e+05
6.464094463177450234e+05
5.401779354133367538e+06
-2.694534265240758192e+06
-8.087741765090537257e+06
1.076039231557299383e+06
-1.555316032436755253e+06
1.740386526582586113e+06
-2.578502125218379311e+06
3.347973918552715797e+06
-4.079042411291847471e+06
-3.387133091102559119e+06
