[[ -8.78846639e-01   2.98965612e-01   3.15921926e-01   3.33575051e-02
    5.65244255e-01   4.17454750e-01   4.62751382e-02  -5.96879366e-01
   -9.72724448e-01   6.63283499e-01   5.28305510e-01  -2.68004190e+00
    5.95838132e-01  -3.90223329e-01  -1.57602330e+00   4.38176975e-01
    1.06697184e+00  -3.30593762e-01   4.64808826e-02   7.09637920e-01
    1.91636287e+00   4.69121056e-01   7.40568723e-01   8.36689968e-02
    2.29205784e-01  -1.54306412e+00  -1.06791306e+00   2.64692705e-01
   -5.40374332e-01  -2.24802012e-01]
 [  4.00840687e-02  -8.39617964e-01   2.78237123e-01  -3.09849186e-01
   -1.39517213e+00   6.30908905e-01  -6.46255238e-01  -3.78361688e-01
   -1.99743548e-01  -2.55107614e-01   4.46030808e-01   4.71924373e-01
    2.01033042e+00  -1.99435276e+00  -2.31780305e-01  -1.13481377e+00
   -1.27287080e+00   1.22602051e-01  -1.60635271e+00   6.54969841e-01
    7.63072851e-01  -2.74317472e-01   6.86396162e-01  -8.49274754e-02
    7.04270032e-01  -1.05835499e+00  -1.87820719e+00  -1.12388765e-01
   -5.89240169e-01   7.80216610e-01]
 [  5.26390479e-01  -7.62626252e-01  -1.63369490e+00  -1.55763000e+00
    1.83975888e-01  -1.26990614e+00  -5.84531046e-01   1.21149817e+00
    1.29425305e+00   2.17739831e-01  -3.84710942e-01   9.83138697e-01
    1.23454948e+00   1.56470222e-02  -3.87514003e-01  -5.91971089e-01
   -6.22275979e-01  -6.47937572e-01   1.87466355e-01  -5.50740543e-01
    4.87332208e-01  -1.29805070e+00   5.41911190e-01   2.10455913e-01
   -6.87903301e-01  -4.28886089e-02  -1.86726971e-01   6.12137244e-01
    7.16400390e-01  -5.14311066e-01]
 [  3.23697413e-01  -1.16439430e+00  -1.49871047e+00  -3.71480405e-01
   -1.05969284e+00   1.22776390e+00  -1.21466486e+00  -1.70773135e-01
    4.78552317e-01  -2.20002178e-01  -1.13488555e+00   1.43822304e+00
    1.02443072e+00  -1.27033206e+00   1.50014114e-01  -1.05119094e+00
   -8.53893170e-01  -5.77268831e-01   2.21955602e-01  -7.94273186e-01
   -7.94191775e-01  -1.76579806e+00  -1.67188935e+00  -3.37596036e-01
   -1.27366721e+00  -8.88087038e-01  -6.48305560e-01  -5.96284532e-01
    3.65605070e-01  -1.56309281e+00]
 [  6.43056131e-01   1.07592657e-01  -1.06649106e+00   1.26693005e+00
    5.44035469e-01  -1.57103867e+00   9.42610254e-01   9.11835503e-01
    1.17595239e-02   6.22057593e-01   9.65178650e-01  -1.71371867e-01
   -1.27134840e-01   1.39124466e-01  -7.93286924e-01  -1.30184023e+00
   -6.40885475e-01  -3.46515159e-01  -1.03876696e-01  -1.09503571e+00
    1.92928961e+00  -9.45553351e-01  -7.30053555e-01   1.05817120e+00
    1.22655692e+00   5.88922154e-01  -1.45726084e+00   4.90393338e-01
    1.74871936e+00  -8.79221784e-01]
 [  1.24729548e+00  -9.54958398e-01   1.50060753e+00   7.22574080e-01
    1.51869485e+00  -1.13295247e+00  -2.22479217e-01  -2.72097685e-01
    8.22552531e-01   2.27264904e-01  -1.60591931e-01   1.16742043e-01
    9.31904848e-01  -8.88749560e-01   1.48635454e+00   9.48164334e-01
   -1.17805109e+00  -3.12306302e-01  -1.52314044e+00  -6.24667796e-01
   -3.87143595e-01  -2.74959264e-01  -1.21007924e+00  -6.91868231e-01
   -1.91156477e+00  -1.44293503e+00  -8.05986383e-02   7.32349651e-01
    6.46583626e-01   5.02370942e-01]
 [ -4.90114852e-01  -1.01870667e+00   9.59626112e-01   5.27275729e-01
   -3.20944887e-01   1.09310737e+00  -1.87073438e-01  -1.46921171e+00
   -2.68592815e-01  -5.35371564e-01   1.67483911e-01  -7.67188834e-01
    1.62667803e+00   1.92019422e-02  -7.19008615e-01  -7.88311158e-01
    2.94792558e+00   3.87086450e-01  -6.77913433e-01  -8.68023084e-01
    1.50002461e+00  -5.18690482e-02  -1.24686275e+00   1.43195589e-01
   -4.15509027e-01  -2.84310794e-01  -1.00548321e+00  -1.05112029e+00
   -1.03899397e+00   1.02522462e+00]
 [  7.23614320e-01  -1.15640720e-01  -9.83010851e-02   1.53651538e+00
    1.02645312e+00  -2.98090850e-01   5.49823280e-01  -8.47129359e-01
    2.40959145e-01  -8.69408754e-02   3.02438393e-01  -1.52217417e-01
   -8.64491114e-01  -1.05426197e+00   2.51304839e+00   6.40055915e-01
   -1.58088902e-01   1.02047775e-01  -7.04180675e-01   9.53787746e-01
    7.98520742e-01   8.26529022e-01   7.41472404e-01   3.13495450e-01
    6.76435602e-01   5.18158355e-01   7.94563947e-01  -1.33652805e+00
   -9.84813881e-01   1.97615313e+00]
 [  5.98605244e-01   6.53574849e-01  -1.21384712e+00  -1.62036990e+00
    1.20743925e+00  -8.06193801e-01  -8.06651717e-01   5.66235276e-01
   -1.56477873e-01  -4.26805295e-01   1.61142426e+00  -3.24504508e-01
   -4.02289815e-01   1.25181047e+00   2.56245290e-02   3.52422448e-01
   -1.07667249e+00  -8.79454686e-01  -1.27613819e+00  -1.82157482e+00
   -2.84984004e-01  -1.27913209e+00   7.33059992e-01  -5.97805026e-01
   -9.30131885e-02  -1.41205419e+00   7.13005614e-01  -4.17377923e-02
   -8.54078769e-01   1.69701798e+00]
 [ -2.31034950e+00  -3.00051658e-01   4.83276416e-01  -1.17840636e-01
   -1.16833919e-03   1.24847794e+00   7.93503593e-01   1.66999947e+00
   -1.30292821e+00   7.43860157e-01   1.09637957e+00   6.94346792e-01
   -9.57618447e-01  -1.82099844e-01   1.58527003e-01   5.64643979e-01
    1.29286546e+00  -7.69138569e-01  -5.21835629e-02  -5.90338986e-02
    5.52583608e-02  -3.11240750e-01  -4.57018071e-01   2.19953975e+00
    1.19520346e+00   1.39301604e+00   2.75837788e-01  -3.21715940e-01
    6.39604391e-01   1.16309124e+00]
 [ -1.29658848e+00   1.21839344e-01   2.99718212e-01  -9.28573327e-02
    3.70434458e-01   4.60898199e-01   6.90604422e-01  -5.35517098e-01
    9.87330585e-02  -4.24835895e-01   7.31713341e-01  -7.66320493e-01
   -9.95223225e-01   5.35393874e-01  -8.69542793e-02  -9.28813122e-01
   -5.33152307e-01  -7.91803618e-01  -3.81486692e-01   8.50290414e-02
   -1.77106509e-01  -1.68225400e+00   1.31052341e-01   1.35895712e+00
   -1.30267144e+00   1.33766641e+00  -2.76595488e+00  -2.53704340e-02
    6.46116925e-01  -1.65207068e-01]
 [ -7.13109025e-01  -2.32793417e-01  -6.71474045e-01   4.05438926e-01
    1.10831263e+00   3.79016929e-01  -3.06865994e-01   1.31069424e+00
   -6.96399984e-01   4.43082705e-01   8.15186850e-01  -9.65392535e-01
    4.12316642e-02  -7.49159854e-01  -1.69645140e+00  -4.11513816e-01
   -1.73932233e+00   3.60378370e-01  -4.53419115e-01   3.57934158e-01
    1.11835494e+00   1.34726268e+00   8.39061408e-01  -1.26473132e-02
    5.60842123e-01   7.60875933e-02   9.04850326e-01   1.15422560e+00
   -1.28368970e-01  -3.87749742e-01]
 [  2.29348709e-01   7.03179346e-01  -8.39520453e-01  -1.35682894e+00
    4.00020079e-01  -1.47526717e+00   5.60186770e-01   2.54252152e-01
    1.02745376e+00  -1.01073985e+00   6.69801229e-01  -9.91355759e-01
    2.18084383e-01  -1.04498250e+00   6.44123060e-01  -3.90665737e-01
    1.64614296e+00  -1.26770830e-01  -5.75696932e-01  -7.43689366e-01
    1.10564221e+00  -1.11530741e+00  -4.42054319e-01   2.53017500e+00
    4.05079432e-01  -1.03049127e+00  -6.33034731e-01  -4.70049042e-01
    7.44390263e-01   3.40980331e-01]
 [  1.67851618e+00   6.72058044e-01  -2.18922095e-01  -1.62584691e-01
    8.17694587e-01   4.65998206e-01  -8.28778778e-01   1.34811283e-01
   -3.48717847e-01   1.15557218e+00   6.04377897e-02   1.27873429e+00
   -1.50639728e+00  -3.56758552e-01  -9.80276380e-01   8.09028967e-01
   -6.70690722e-01  -4.31613659e-01  -7.89593246e-01  -2.55527523e-01
    6.09854082e-01  -1.09998298e-01  -2.63540005e+00  -8.26969860e-01
    8.73875971e-01   1.09542021e+00  -3.91913828e-01  -1.06634195e+00
   -2.13784473e-01   3.86802509e-01]
 [ -2.08196285e-01   1.25197712e+00  -6.29196404e-01   1.38864117e+00
   -1.77451632e+00  -2.71181648e-01  -1.98820119e+00  -2.30850692e-01
    1.03584987e+00   5.71637618e-01  -3.37942973e-02  -2.96358166e-01
   -6.99953103e-01  -2.32809016e-01   7.52985671e-01  -2.31382135e-01
    9.38904206e-01   1.98119137e+00   1.12623264e+00  -7.60672419e-01
    1.15484888e+00   2.31743207e-01  -6.29230356e-01  -1.62544506e+00
    9.76254605e-01   1.36375911e+00  -3.25115102e-01  -1.05195229e+00
    3.37344070e-01   1.45690568e+00]
 [ -5.32856456e-01  -2.68974491e-01  -7.06637868e-01  -4.46710931e-01
   -2.83555532e-01   5.20958687e-01   1.59296315e-01   4.17474505e-01
    7.07211837e-01   8.65432524e-01   4.37907879e-01   1.40659768e+00
    2.00400790e+00  -2.64478300e-01   7.60779712e-03  -8.06314029e-01
   -2.00781479e-01   4.90993080e-01  -7.44724316e-01   3.28456661e-01
    1.95302878e-02   2.97273608e-01   1.18596752e+00  -2.65206388e+00
   -6.80475897e-01  -6.70556682e-02  -8.72216558e-01   1.11544330e+00
   -1.44091363e+00   8.80899757e-01]
 [  3.89586493e-01   2.32202803e+00  -2.39858067e-01  -3.82571050e-01
    8.52645935e-01  -1.30826972e+00  -8.41654290e-01  -1.36098705e-01
   -1.25674445e-01  -6.18087532e-01   8.68504132e-01   6.00763040e-01
    2.38320874e-01   3.11888745e-01  -2.52008920e-01  -3.52977177e-01
    2.34475012e+00  -1.33377234e+00  -7.55364625e-01   4.83062712e-01
    2.56034463e-01  -2.24792845e+00   7.41324394e-01   1.13222643e+00
    2.47146477e+00  -1.09187115e+00   1.08913409e-01  -3.31005653e-01
    4.14465881e-01   7.49336036e-01]
 [ -7.72828182e-01  -1.87573545e-01   1.59481341e+00   1.01448664e+00
   -6.84515665e-01   1.56588604e+00  -2.30149256e+00   7.41749348e-01
    1.23200650e+00  -4.36168143e-01  -8.83459005e-01  -1.15709457e+00
   -4.17178743e-01   9.24403668e-01  -1.89786328e+00  -1.77575042e-01
    9.10501091e-02   1.19349115e+00   6.96407545e-01  -2.72583080e-01
   -1.11753095e+00   6.96109129e-01  -2.94515409e-01   1.41234499e+00
   -3.65442565e-01   6.41991778e-01  -2.88116893e-02   3.08099952e-01
    7.61921537e-01  -9.42108162e-01]
 [ -5.22966435e-01  -1.69717669e+00   3.94610031e-01  -6.87762989e-01
    1.05547666e+00   6.20925552e-01  -5.12181699e-01  -4.00968208e-01
   -1.15569953e+00   1.63057821e+00  -2.33236564e+00  -4.57903932e-02
    3.06160738e-01  -1.53886845e+00  -1.08302155e-01   3.26862507e-01
   -4.39129215e-01  -3.87292520e-01   7.82726843e-01  -1.12207015e+00
    7.33839737e-01   2.75101187e-02   1.63864212e+00   2.25543758e-01
   -9.72954623e-01   3.39952892e-01   1.72214458e+00   2.79116506e-01
    1.99289804e-01  -2.55774562e+00]
 [ -2.63579702e-01   1.91464482e-01  -4.35901172e-01   1.11587805e+00
    7.45540480e-01   3.32262553e-01  -9.34689389e-01   3.49066739e-01
    2.50038257e-01  -1.22456170e-01   5.77196388e-01   6.54682476e-01
    5.10268805e-01   1.92093181e+00  -7.32184412e-01   1.63488002e+00
    8.59725743e-01  -6.25146097e-01   8.79664507e-02  -1.51171270e-01
   -4.37742300e-01  -1.27363475e+00   1.42886408e+00  -2.52472563e-01
    6.10950581e-01   1.32330672e+00   2.01809540e-01   2.05621161e+00
   -5.42414713e-01  -6.25765946e-01]
 [ -1.12119473e+00   4.92653667e-01  -1.25827585e+00  -7.26986499e-01
   -6.41589108e-01  -5.27159675e-01  -6.38697780e-02   5.74473914e-01
   -1.47652157e+00   1.13151510e+00   5.44021335e-01   4.78346190e-01
    4.35940258e-01  -1.47891709e-01   8.59347941e-01   2.45057156e+00
   -1.00699833e+00   7.33703463e-02   1.54666295e+00  -1.34872434e+00
    2.32667747e-01   1.42966517e+00   8.11184631e-01   1.94219586e+00
   -7.94794131e-01  -5.43183725e-02  -1.28534542e-01   2.34788408e+00
   -7.09716745e-02  -3.18841709e-01]
 [  1.48507292e+00   6.25694763e-01   4.94373393e-01  -1.90322454e+00
    8.71057037e-01  -1.63722882e-01  -1.13258566e+00  -1.19748379e+00
   -5.55029150e-01  -3.23942566e-01  -2.10760443e-01   7.75992542e-01
    1.35705355e+00   9.79216654e-01   4.94772833e-01   6.67196552e-01
   -1.47413557e+00  -1.11547649e-01  -7.78308766e-01   1.20277707e+00
   -3.19957554e-01  -1.96519137e+00  -4.86151824e-01   1.03091927e+00
   -1.24271367e+00   5.56190794e-01   2.00594708e-01   1.17152681e+00
   -1.22330901e+00  -2.09791472e-01]
 [ -4.12182720e-01  -1.61869417e+00   9.54599934e-01  -3.30695987e-01
    1.49197935e+00  -1.62305829e+00  -2.60225585e+00  -1.28076154e+00
    1.02828030e+00   1.33168102e+00   1.62898846e+00  -8.29956604e-01
    2.26986464e-01   1.80007708e+00  -6.49839855e-01  -8.53677324e-01
   -8.82127441e-01   3.90055202e-01  -1.66191289e+00  -8.55672276e-01
   -1.18912808e+00  -9.08625959e-01  -2.86064533e+00   8.55499943e-01
    1.31323923e+00   1.75631723e+00   1.30914310e+00   1.27761460e-01
   -7.20250918e-01   5.40102775e-01]
 [ -5.54042616e-01   6.88150539e-01  -7.63398696e-02   9.40421388e-01
    1.23201236e-01   2.32279911e-01   3.40140824e-01   9.43871273e-01
   -9.69431062e-02   1.56309988e+00   9.52551857e-02  -6.29414226e-01
   -9.19417509e-01  -5.79318270e-01   5.01360677e-01  -5.65599416e-01
   -6.17151333e-01   9.51427365e-01  -5.15251553e-01   2.67492392e-01
   -8.81380176e-01  -3.40298519e-01  -1.41322305e+00  -4.94199650e-01
    2.51723336e-01  -4.77536278e-01  -1.72669092e+00   2.44793575e+00
   -1.26428863e+00   1.13643607e+00]
 [ -2.67764006e-01  -2.34597362e-01  -5.36527110e-01  -2.02595920e+00
   -1.45205740e+00  -4.83337247e-01  -1.63309416e+00   5.82397041e-01
    1.41835237e+00  -4.36025382e-01   1.02754694e+00   2.46223709e-01
    7.66793240e-01   1.31489102e+00   1.04199257e+00  -1.67372590e-02
   -2.65775512e-01  -7.95186822e-01   9.22678910e-01  -2.36566968e-01
   -1.51287293e+00  -1.23721532e-01  -5.63214942e-01  -2.94264350e-01
   -8.62593868e-02  -8.66633341e-01  -8.43960423e-02  -8.00302550e-01
   -1.23423197e+00   9.88254705e-01]
 [ -6.20385565e-01   3.26792767e-01   9.69206241e-01  -3.79121150e-02
    4.97072050e-01  -3.60930279e-01  -1.68786169e+00  -1.00390523e+00
    7.79777596e-01   6.96801121e-01  -1.56899100e+00  -3.49401696e-01
    1.17095949e+00   2.83504665e-01  -4.39722742e-01  -1.18596785e-01
   -2.01737600e+00  -5.18002422e-01  -4.92769792e-01   3.63492657e-01
    1.08053599e+00   1.02210917e+00   2.26062101e-01  -6.09683523e-02
   -6.37451698e-01  -9.43725750e-01   9.00457726e-01  -5.31864680e-01
    1.49167804e+00  -2.46710815e-01]
 [  1.13560307e+00  -3.23144721e-01   6.20131283e-01  -1.05090605e+00
    7.01696951e-01  -1.45744949e+00  -1.49949624e+00  -1.05842376e+00
    7.51485754e-01   7.77638513e-01  -2.19477146e-01   1.58927421e-02
    2.92128369e-01  -8.00832813e-01   9.56900379e-01  -1.17594243e+00
   -2.17916525e+00   1.58179598e+00   4.79115923e-01  -6.33083883e-01
    5.91900974e-01   1.02355547e-01  -4.40882555e-01  -1.62361666e+00
    1.65961068e+00   2.74563377e+00  -1.71575984e-01  -4.53356779e-01
    1.67111929e+00   3.28479573e-01]
 [ -2.93179848e-01   6.69890262e-01  -4.27291889e-01   4.40663983e-01
    1.99088401e+00  -6.61666400e-01  -1.23965983e+00  -8.22420353e-01
    6.93472283e-01   8.96518947e-01  -6.73389562e-01  -8.08874404e-01
    9.62324183e-01   5.03912193e-01  -3.82744956e-01  -1.40317597e+00
    1.93425575e-01  -7.83220710e-01   7.92397137e-01   1.60718237e+00
   -1.81873510e-01   1.49248392e+00  -1.27782283e+00   1.49477406e-02
   -6.95248010e-01   1.11620589e+00   3.98506376e-01   4.04709471e-01
    1.18369474e-01  -2.23043975e-01]
 [ -6.52309136e-01   2.26496111e-01   7.20062634e-02  -1.29265676e-01
    9.55472053e-02  -3.48726781e-01   2.19472609e-01  -1.56697799e+00
   -1.20521559e+00  -6.70819425e-01  -1.69864905e-01   3.48136892e-01
    1.99170728e+00  -1.69412935e+00   1.42891563e+00  -1.10439420e+00
   -3.09053479e-01   5.11787991e-01  -3.46759664e-01  -2.92514745e-01
   -3.72352231e-03   6.75517959e-01  -8.86504657e-01   2.86323268e-01
    1.03442638e+00  -6.81720394e-02  -8.26338541e-01  -5.45517762e-01
   -3.64767732e-01  -2.88899485e-02]
 [  1.60929071e+00  -1.48501257e+00   4.85850263e-01  -5.60245583e-01
   -6.26606785e-01   2.65969646e-01  -2.98678117e-01  -1.04373211e+00
    1.00951140e+00   1.02350932e+00  -1.01984680e+00   1.12922109e+00
   -2.67811959e-01  -1.12701053e+00   1.07008541e+00   3.10381268e-01
   -8.97297129e-01  -1.29321230e+00   6.08054841e-01   1.93253416e+00
    1.74864279e+00  -1.03458077e+00   6.63791152e-01  -1.69928138e+00
    8.17393772e-01  -4.28143068e-01   4.18791567e-01  -2.02865704e+00
   -3.15466095e-01   9.80866031e-01]]
