9.158847570128728632e-01
8.514158703030413333e-01
-1.669033226424429639e+00
5.376970022383373848e-01
-1.614682548775388637e+00
1.708194174581757929e+00
9.301379359994577101e-01
1.383138563701219681e+00
-7.495779554235606490e-01
-5.532071064911785463e-01
-8.402845422596586511e-01
-7.713024011153809534e-01
1.176030732509465659e+00
1.599490361290251350e+00
-5.535281126518928341e-01
4.592410239608257783e-01
6.387152477027432385e-01
-1.514581139258704134e-01
-1.121054252535182316e+00
-8.038042520570526372e-01
8.647183759922125179e-02
5.308958040909365073e-01
-3.924606702857970364e-02
6.309967210543148131e-01
1.330967336913486898e+00
-2.070343942150781325e-01
2.437854801338233332e-02
2.039397139023865768e-01
-5.831531917797344589e-01
2.475349652419676083e+00
-4.996728688803527829e-01
-3.562398525600884436e-01
1.522660684364107953e+00
1.084335778171821169e-01
-3.363615701516773915e-01
-1.047149121010603645e+00
6.769916420652772882e-01
5.793173735983926376e-01
-1.217539069665224627e+00
-1.121080700911778028e+00
-1.305268511304849000e-01
1.680354834283497745e+00
-3.560029848394369312e-01
-1.043563428644598723e+00
-8.854701084883569440e-01
-1.343552493905924017e-01
-3.941632380980060746e-01
-1.620169129730512358e-01
4.772790072612813628e-01
7.576859608406484592e-02
