-6.000773854574000835e+08
-2.361758038094007373e+08
-1.693144082451469302e+08
5.911003667981017828e+08
4.061710190574715137e+08
6.294336445434783697e+08
2.094926190626775324e+08
4.200617531287744641e+08
6.650705499838054925e+07
-1.626169693392454684e+08
-1.228656333943015099e+09
-1.957561239825644493e+08
6.276584178270696402e+08
1.388213665444064438e+08
-2.386122811693421304e+08
1.446808952587959468e+08
6.245939630418137312e+08
-7.017930222505314648e+07
6.539918240507320166e+08
2.363074530413142964e+07
5.969498353174216747e+08
1.951595479933167100e+08
4.007599152497071028e+08
-9.190487767595416307e+07
1.808099239094351530e+08
3.385216431768273115e+08
5.261444721934733987e+08
5.377920828807333112e+07
1.845503555141406357e+08
9.164670503096923828e+08
5.076422531750150323e+08
4.377405896862090565e+06
-2.049079647595657706e+08
-4.962978776692026258e+08
-2.989102117362669706e+08
-1.573902583441107906e+07
-6.854240860614776611e+08
-3.218106493616070151e+08
2.863451120144292116e+08
-1.091109026132551432e+08
-1.706333195651454031e+08
-2.003296259802911282e+08
2.645860702000083625e+08
3.905842400941274762e+08
7.011373938117853403e+08
-5.928509069757463932e+08
3.428913272054759264e+08
4.248530467966290712e+08
7.311401073752558231e+08
-8.581740762334918976e+08
