2.261469932902665710e+11
-4.106515952154183197e+10
-1.021726506184951591e+10
-1.660116670568981323e+11
-2.073442033304345093e+11
-1.812322946404418945e+11
-2.767392041165468750e+11
-8.738743261681620789e+10
-1.727517666650353699e+11
-2.327479477844558411e+11
4.803886237303316040e+11
6.445264776929756927e+10
-1.439431663030190430e+11
-8.305459590439241028e+10
3.371353957394116974e+10
3.578823711431000519e+10
-2.695781251374933777e+11
5.298706199311962128e+10
-3.483587591737630005e+11
-1.064734415221652679e+11
-1.070693609626679688e+11
-5.979526802738041687e+10
8.108861984548146248e+09
-3.782802043149375916e+10
-2.066937621522282715e+11
-1.710291525857904243e+10
-1.423936738107575378e+11
4.603133423164524078e+10
-6.186826335894213104e+10
-3.026002432197745361e+11
-1.730698872044414978e+11
7.152766856871806335e+10
1.364223094107503357e+11
1.845514052671033325e+11
1.954669426021923218e+11
1.002674064064668579e+11
1.629380657584242859e+11
1.869928902335121460e+11
-1.652170867683215942e+11
1.434164529954062500e+11
-1.084967574494281616e+11
2.180210236926271973e+11
-1.560105403441095924e+10
-1.907875701771123886e+10
-2.788103598200516357e+11
2.079457950576322632e+11
-8.850667673716741943e+10
-8.891990185301242065e+10
-2.269688313427921753e+11
3.168095451916512451e+11
