-1.039359522749056885e+12
-7.528928235923806152e+11
-4.119991642318549194e+11
2.226242811163467407e+11
6.690729497612142334e+11
1.024483957689745850e+12
2.612268755144688477e+12
6.583947748386230469e+11
1.431430888836912231e+11
5.729779265995014648e+11
-2.854096578630444824e+12
7.462564683325169373e+10
1.596203296415165771e+12
9.399468337877073975e+11
-1.419290667117265930e+11
8.873512604514888000e+10
1.929150886923214111e+12
5.444731890965603638e+11
2.434057871105282227e+12
1.370711944422207031e+12
1.646933683009383545e+12
1.484586320012956299e+12
5.732468878600202637e+11
6.001875567230410156e+11
8.581761983715250244e+11
-2.046791246768569641e+11
2.038660648906220703e+12
5.332030492938236694e+11
5.049588090545444336e+11
1.404967462286939941e+12
1.621786551048372070e+12
-6.602441358356596680e+11
-1.022407188188069092e+12
-1.791303073844490723e+12
-1.768694786194044189e+12
-1.581332282073348633e+12
-9.679369556242414551e+11
-1.424105893455412292e+11
8.642737109444418945e+11
9.693253343821867371e+10
1.360855434840981201e+12
-1.923692162135366943e+12
4.980018989582210693e+11
3.481706001571535645e+11
1.747328426657143066e+12
-1.661889670352507568e+12
-5.858445743611319580e+11
1.060519581407239868e+12
1.302243976594867920e+12
-1.549671486705390137e+12
