-3.700311666156427000e+15
-2.058957215535086000e+15
1.016516697888916094e+14
4.859042213024969000e+15
3.355040215574402000e+15
4.752715108371705000e+15
1.172870047836092500e+15
3.220790277572173500e+15
1.648126085330138250e+15
-1.850127165914294375e+14
-6.859784041161744000e+15
-2.555815367611182500e+15
4.093831968617184000e+15
4.697164207050713750e+14
-1.913381816979281750e+15
-4.370469492812111250e+14
4.583640474851582000e+15
6.037999108907892500e+14
4.949203789363661000e+15
-1.820346667841361875e+14
4.290112138320168000e+15
-4.009851600990319375e+14
2.293460286966102000e+15
-7.228846916123392500e+14
1.368970009899324750e+15
3.405048492590670500e+15
2.270369228209279000e+15
1.609699723141966500e+15
2.271161746445287500e+15
7.196344135764516000e+15
4.193438973990660500e+15
-6.950910409327465000e+14
-2.766427355790779500e+15
-3.564856507226025000e+15
-1.778626509502156750e+15
-1.598611468130205625e+14
-5.015165894058458000e+15
-3.008397757242790500e+15
2.456942311374990000e+15
-1.751733519740332250e+15
8.004108857433068750e+13
-1.142764066159357500e+15
1.524023681916430500e+15
-2.258281921866161562e+14
3.468155832136533000e+15
-4.024760607255027000e+15
1.098423346097277125e+15
3.464503076800714500e+15
6.108344358890940000e+15
-5.766894616268903000e+15
