-9.646190087214840000e+16
-2.261943120110523520e+17
7.375800700752870400e+16
2.638164795541081600e+17
9.815735443136137600e+16
1.207483979014952640e+17
1.425834261696919040e+17
1.980562640643812480e+17
-1.738290026525512500e+15
-7.620612045123331000e+15
-2.696718568764046400e+17
-2.930499233514890000e+16
1.473032811189709760e+17
-3.937467758434236000e+16
-1.198875531070418880e+17
-3.106382929453509600e+16
2.426756326584266880e+17
-7.208196619539991000e+15
3.060534340376069760e+17
3.001400212363149600e+16
2.526019969295611840e+17
2.662473331523597600e+16
3.650891967096340000e+16
2.434297620679011200e+16
3.384159806350331600e+16
7.186745759635764000e+15
1.367848753859044480e+17
6.182985296982062400e+16
1.429154157652788640e+17
2.103065498569699200e+17
1.394370243204418560e+17
-1.036354585709282720e+17
-1.036749495410320800e+17
-2.385426440921845760e+17
-3.360525662007497600e+16
-2.388351776778445120e+17
-2.311031808620067200e+17
-1.010050576065737920e+17
1.347928461185973280e+17
-8.018294765174404800e+16
1.074040562999474400e+17
-1.422854772882552480e+17
-1.736226848241202750e+15
4.796098015284404800e+16
3.071226753779187840e+17
-1.851108062210992960e+17
-2.763538004301133600e+16
2.191704675365238080e+17
2.407179552286875200e+17
-2.487121990164644800e+17
