1.386972276304476894e+06
-2.548095012882778974e+04
3.928071935760274646e+05
-4.533428933134307736e+05
-8.832122066931611625e+05
-1.114594107209825423e+06
-4.826486612167782150e+05
-2.136702046568190563e+05
-1.382609496659488883e+06
-1.422825770612107124e+06
2.296015895385476761e+06
-2.489953196807823551e+05
-3.019516079618123360e+06
3.890874675264920224e+05
9.269859321577376686e+05
6.839170395709609147e+05
-2.107654742585531436e+06
-6.106057521972623654e+05
-1.200139506008434109e+06
-2.992099105268566636e+05
-1.384992736281343037e+06
-3.429123701021850575e+05
-9.832130777696667064e+04
-1.568193852592823387e+05
-6.143882288711657748e+05
-6.345982484096620465e+05
-1.060184736284976825e+06
1.280513226024450036e+06
-3.995962597967459005e+05
-6.676268882363778539e+05
-6.039940506095435703e+05
1.942780584088575561e+06
1.084156787900044583e+06
1.447876366160518955e+06
1.626524113437511493e+06
3.353974071324264514e+04
1.657190094365501544e+06
2.450884170128013648e+05
-4.327154495990941650e+05
5.248789049296474550e+05
-1.536672526302782819e+06
1.344678807688360801e+06
-1.496439675413222983e+06
5.862121284293594072e+05
-1.520812133857559646e+06
-1.027939113242826716e+04
-4.597000088104861788e+04
-1.168132165241053328e+06
-2.336800681778000668e+06
1.818572500596500002e+06
