-1.293221052278786339e+07
-1.932016881911429809e+06
-2.451683469409842510e+06
-7.608411656233584881e+07
-1.673704141977434792e+07
-7.544155256215618551e+07
1.668129014482707251e+06
-4.795615510009399056e+07
9.668750798590596020e+07
9.638918813814297318e+06
1.378017997643688917e+08
2.229519952447946742e+07
-9.531362420116698742e+07
-1.978242247472140193e+07
4.304922740938393027e+07
-3.173677713169039693e+06
-1.047293342846442312e+08
2.344262193584718928e+07
-7.325763531816171110e+07
-5.861550303460620344e+07
-7.788006829515500367e+07
-7.625001602325181477e+06
-4.910671761096800864e+07
3.430783815467426181e+07
-1.579032659194839187e+07
3.014222745484564081e+07
-3.739561929986084253e+07
-3.689725570255959034e+07
-4.728264720711678267e+07
-5.475289935380399972e+07
-5.890528062143426389e+06
5.169575172864048183e+07
6.896107537356632948e+07
8.778903255311734974e+07
4.749776524383584410e+07
5.709366074518801272e+07
8.306993370598636568e+07
1.190404282251414470e+07
-4.636215448871413618e+07
7.427351129196139053e+06
-5.651227894110418856e+07
3.913785835594678670e+07
-6.235062363710144162e+07
2.336273009259166196e+07
-1.092836990757476091e+08
6.073724706411278248e+07
7.240098866049766541e+07
-9.940195289614512026e+07
-9.647012844397421181e+07
1.030735277665234655e+08
