-8.222629157729351990e-01
3.184858339385408521e-01
-3.822510151693202518e-01
6.374783826624650374e-01
-7.758704147460034062e-02
1.371483558959542548e-01
5.434868980074689659e-01
-1.930963530755571145e-01
-7.591790027083470394e-01
-3.299575425336007672e-01
-3.330787453851953850e-01
-6.461457786990453256e-01
2.584843034240039694e-01
5.338991570523548419e-02
1.179561698800130509e+00
1.760014909929587534e-01
-1.596265654179661597e+00
1.119489906847781713e+00
1.037650131571892009e+00
-2.247812957157100389e-01
-1.575709066048416596e-01
-1.566913278938723675e+00
-1.913781272519774479e-01
2.831037759190474512e-01
2.562855380402788708e+00
4.123338743976359133e-01
-6.766279406162470922e-01
-2.407616944887430499e+00
9.866508927363258907e-01
1.232057675592897056e-01
4.618998117474718557e-01
1.242695862715144539e+00
9.213556603984407456e-01
2.768522267290821071e-02
-6.858020163635036859e-01
-2.206917829770435713e+00
8.992553393138261741e-01
-5.821036039085137892e-01
-9.829261261780415371e-01
-1.388469342972188603e+00
-6.717167886888784079e-01
7.306890654962496789e-01
-6.388490083665636643e-01
1.373287954338458516e-01
9.789948253118524457e-01
-7.717258055867053101e-02
-1.727076057891001604e+00
-5.080756147006638690e-01
4.833185718690032329e-01
-8.139594901599139787e-02
