-1.254953650993203074e+08
-3.077368483207737803e+08
-4.790056389379873872e+08
3.413175118330218196e+08
5.737700400469529629e+08
-2.197411992988669574e+08
-1.526116512064826190e+08
-3.092484548556688428e+07
-5.607058241154398024e+07
3.754686161521183848e+08
6.054927803279754519e+07
4.418287598980745673e+08
-6.721721241932818890e+08
3.292182936335789561e+08
-2.118878124915945157e+07
-3.476534206466693282e+08
-4.154062759975084662e+08
-1.355802990960312784e+08
2.641012050661657155e+08
2.146913000440979004e+08
-2.341362329283185005e+08
-5.530484749316321611e+08
1.426826489203649759e+08
-3.124749268012302518e+08
5.093051452069322467e+08
-7.283449001546221972e+08
-2.540053664888271987e+08
-3.617166317050999999e+08
-5.371843112673944235e+08
9.695299594346207380e+07
5.817902471061940193e+08
-5.237697243496029824e+07
2.128128251515844464e+08
-1.864681820143633187e+08
1.811017436388312578e+08
2.485983958146692514e+08
-2.461737637855310738e+08
1.345854875744581223e+08
-4.248952735391474515e+07
-5.121344302144721746e+08
1.439266889088036716e+08
-2.452404275959216356e+08
2.311817839912223816e+08
1.384168382047297657e+08
3.726442561185001135e+08
-4.408007645987549424e+07
-3.264197908452107757e+07
3.557128357001409531e+08
-3.351763908722468019e+08
1.164373497552433163e+08
