5.236357387024819336e+11
2.019703308587662598e+12
1.713074072088528320e+12
-3.347051662224492188e+11
-1.717230331478082275e+12
1.285718777501794189e+12
1.227831340087924072e+12
-3.015326768025606079e+11
-9.961671586560063171e+10
-1.025670820037214355e+12
5.377076350161120605e+11
-1.555827725852951416e+12
2.401315698131603516e+12
-5.881966863375290527e+11
6.256390760888486328e+11
1.711499999210882324e+12
5.920880837210451660e+11
-1.031178927943829956e+11
-1.036976369574040405e+12
-3.450203235084098511e+11
4.757977070209864502e+11
2.077575617525197266e+12
-8.119237815388198853e+10
-1.423735170881789246e+11
-1.725034095525444336e+12
2.053172846793703613e+12
-8.729858038317155762e+11
1.727048953620382324e+12
1.378459712801005859e+12
6.817757863647192383e+11
-1.793048483063748535e+12
-5.788456265842531586e+10
-1.249995449343690918e+12
4.701658138728565674e+11
3.379438988468586349e+10
-1.314027959845340881e+11
2.054851119348160095e+11
-4.930179980668419189e+11
-4.496912650245297852e+11
1.529383556625252686e+12
2.112056854462262573e+11
9.842247975838847656e+11
-9.363983058834445801e+11
-2.956035155000402222e+11
-1.290307479301098145e+12
-7.201879421007779541e+11
3.269451759698891602e+11
-2.050349703205763672e+12
1.770320638768070312e+12
-7.380177221245771484e+11
