-1.810496241162930000e+15
-7.054567430580963000e+15
-5.543310307366601000e+15
1.560501167492352500e+15
5.035853429133041000e+15
-3.279873576568968000e+15
-3.419679040514817000e+15
-7.741023320006906250e+14
-9.152800956044841250e+14
3.315247215924876000e+15
-1.552972150869245500e+15
5.880303976772138000e+15
-7.979204113750294000e+15
2.562739899241986000e+15
-2.667696222098718750e+14
-6.223267082776942000e+15
-1.513043637504055000e+15
1.216363890307543125e+14
2.937099220547286500e+15
6.320741058825727500e+14
-1.716784855006962500e+15
-7.280461047311873000e+15
4.012003575145931875e+14
1.265373064685428516e+13
6.800144792402431000e+15
-8.131067316659045000e+15
1.971881856720464750e+15
-4.704733616503120000e+15
-4.326305439341613000e+15
-2.497934127729426875e+14
6.768454619894015000e+15
-2.190475553384433750e+14
4.949153217302685000e+15
-2.316266012294757500e+15
-4.923481847404420000e+14
9.108497434670490000e+14
-1.263534295815539000e+15
1.593897966777825250e+15
4.790786003932835625e+14
-6.217467105316586000e+15
-3.686560748731705625e+14
-2.562646419778239500e+15
4.242841690889409500e+15
2.341466362887387812e+14
4.139481213789576000e+15
3.097945886140444500e+15
-1.108427362613593375e+15
6.864467341570619000e+15
-4.671517260879437000e+15
1.000715465917036750e+15
