1.349189293703344400e+16
1.326166210705343400e+16
4.240257733472672000e+16
-2.107050877252134400e+16
-5.110668494537869600e+16
3.249286901280564400e+16
2.752913977023376800e+16
-2.533390535897347000e+15
-1.620508141326646200e+16
-2.099580630056605200e+16
-2.517556844048700400e+16
-1.474257768049262800e+16
5.152842360717488000e+16
-5.046059844230224000e+15
3.809934586958261600e+16
8.678613067998589000e+15
5.797472538656828000e+16
-5.440715434138011000e+15
-5.634865131081522400e+16
-3.366739848573201600e+16
5.143103383700970000e+15
2.182389543049867600e+16
7.267544616953017000e+15
-1.209393840752612000e+15
-4.257800104859117600e+16
3.973528061186572000e+16
3.385356697432859200e+16
3.625958230577944000e+16
5.396115192923467200e+16
3.335818291590925600e+16
-3.000417860939018000e+16
-1.488852243194867000e+16
-6.273971439271119000e+15
8.774490837222345000e+15
-1.778824849745744600e+16
-3.323738156584270000e+16
2.733905077724103600e+16
-3.415184114084935000e+15
-1.963018254911780000e+16
3.788719135589843200e+16
-7.866061906890278000e+15
4.185065974564083200e+16
-2.667102077783314500e+15
1.163317570023317800e+16
-2.578096959338278800e+16
3.885648392000564000e+16
2.040792655210491000e+15
-2.016791500268491200e+16
5.336911950062642400e+16
-1.121353765252711000e+16
