3.539756014995878125e+14
2.790513310580406720e+17
-1.279943898931068480e+17
1.649470293411664320e+17
2.777620742296356480e+17
-1.710464591593197120e+17
-1.111069403083958560e+17
1.102048366097419680e+17
2.576118729122807040e+17
5.654014185708605600e+16
3.433105346624949120e+17
-1.578306435882065600e+17
-1.083988820295566240e+17
-6.721003310272390400e+16
-4.097380147130220800e+17
2.991951513353984640e+17
-6.052142645519069440e+17
5.067377616480448800e+16
4.370854569709609600e+17
3.730898931083184640e+17
1.418588116125876200e+16
2.034084292907204480e+17
-9.906575498238004800e+16
-3.686651978201661600e+16
4.658476955181103200e+16
-1.864485677271539600e+16
-4.845500201009506560e+17
-1.482940746877809600e+17
-3.467929047716222080e+17
-3.329486684920922880e+17
-5.269066121479587200e+16
1.089110802313414560e+17
-2.326513890741553920e+17
1.900716938013769200e+16
2.369700874356932480e+17
3.147681466033322880e+17
-2.213881124814422400e+17
-1.044083014729585000e+16
1.938827815795147840e+17
-7.842850118762104000e+16
1.244110390734422880e+17
-2.750652027682126720e+17
-2.273831774959485120e+17
-1.700450035060766080e+17
4.373304767679167200e+16
-6.290770943718609920e+17
6.311426479048298400e+16
-1.982641757458208320e+17
-3.018736757726971520e+17
1.453009733712599000e+16
