-4.922146565728451200e+17
-4.033134101506944512e+18
-9.486325468591959040e+17
-5.018556108468332160e+17
-9.172984376111196800e+16
-1.591997625939805440e+17
-4.055998824620719360e+17
-9.250512323280718080e+17
-1.646424667205889536e+18
6.370916938432755200e+17
-2.933044500436704256e+18
2.739886025836807168e+18
-2.064654054485372416e+18
1.346250449146178560e+18
2.226049254324722176e+18
-3.555805115987447808e+18
3.163686590209488384e+18
-1.256672299637730400e+17
-1.789345928903041792e+18
-1.978980372010315520e+18
-5.228516485457707520e+17
-3.487148440491817984e+18
7.772852545996483840e+17
6.827857710597898240e+17
1.943375371737054208e+18
-2.388375966277514240e+18
3.935590668482180608e+18
-7.815230457773413120e+17
8.336064058224898560e+17
1.572202717038739712e+18
2.409661487504833536e+18
-9.431310226159251200e+17
2.738665174686017024e+18
-4.519696008137495040e+17
-1.638566535443200512e+18
-1.695917366290963200e+18
1.262778532150067968e+18
5.259239626403776640e+17
-9.206449579966127360e+17
-1.433480315067494656e+18
-1.124163020045543552e+18
7.033264347852194560e+17
2.544455106180135424e+18
1.158218878825403392e+18
1.018352838894659968e+18
4.850939415201692672e+18
-8.646207781932243200e+17
3.314380524729974272e+18
2.554598964794894400e+17
4.286381264272848640e+17
