-1.415066112377002276e+07
9.998833497737777233e+07
5.961261441593501717e+07
-3.036765353111306950e+07
4.651966239708993584e+06
2.189246385511026904e+07
2.099792540405267850e+07
4.285676267822273821e+07
1.194681770064246655e+07
-5.339702881423342973e+06
9.197972477993580699e+07
-9.689097339838039875e+07
1.072624697306828648e+08
-5.035711519808755070e+07
-2.790161684368234500e+07
6.799422402039171755e+07
-3.333310322715898231e+07
3.413743628886811435e+06
1.870971398339259624e+07
1.285434590417314507e+07
3.152579335893428326e+07
8.099420268738454580e+07
-1.508452073048132472e+07
-1.009612797207710706e+07
-5.687213982689231634e+07
6.717577276328223944e+07
-4.516935884184317291e+07
2.907608717889543995e+07
1.845860163883271068e+07
-1.717863243876181543e+07
-5.593170164573360234e+07
4.903089149595022947e+07
-2.984747184360089153e+07
-1.077399643257403187e+07
9.640258530457833782e+06
2.421171045479581878e+07
-3.452094701530968398e+07
7.029407132896281779e+06
1.422923368126478978e+07
7.425272824818134308e+07
2.453196349760136753e+07
2.034827205589890480e+07
-2.997913899235402420e+07
-3.650297939630064648e+06
-3.400472955979035795e+07
-9.369349384795129299e+07
4.388974713148123771e+07
-7.318560845975203812e+07
1.250490349644950777e+07
-7.336936973052788526e+06
