-1.022248119510212216e+00
-1.679638930585424517e-01
6.952581289902798334e-01
-2.781617293295873261e-01
8.933803362483797583e-01
5.229860482379995457e-01
2.317531239510052909e+00
2.280851624968199598e+00
6.539844294915976575e-02
-7.000351582235931902e-01
4.173251572931120923e-01
5.127074353483155322e-01
-5.595369486940172249e-02
6.304079644854205799e-01
5.117245605230600347e-01
2.682210988094942128e-02
-1.692346975446417379e-01
-6.600947354408486234e-01
9.307490801496375310e-01
1.619635833604354813e-01
1.251574324436850738e-01
-9.603772179545118082e-01
9.237925573895309217e-01
1.014549473016080228e+00
-6.425011316543477458e-01
3.845402463715967278e-01
5.964922901500627761e-01
-6.826163524923698489e-01
1.818603232663721814e+00
-8.002655652028456412e-01
-4.404240640850583949e-02
1.057462279600917925e-02
2.224788889700064498e+00
-5.852428813983815425e-01
-1.370018454963031207e+00
1.024040978513580447e+00
-5.959467172891316222e-01
-4.905708656414806690e-01
-3.574301347304728038e-01
-1.253704985853568932e+00
-2.150433245333027710e-01
6.981710387175695809e-01
-7.087175512052103221e-02
-3.121123540447911723e-02
-1.805965662022331331e-01
2.969782105903323588e-01
-5.524063517149117170e-02
1.621460411232857224e+00
1.412746777903357343e+00
9.069748062608686823e-01
