1.315131435000667877e+11
-9.878479549967884827e+10
-1.624222198586949348e+10
7.728640842160057068e+09
-1.042906660562279510e+11
-5.455491036671261597e+10
7.833160663412464905e+10
6.630654669214117432e+10
-1.013785186271091270e+10
-3.669640312006381226e+10
-3.079735560459547729e+11
-7.236697355767208099e+09
4.102235955328979492e+10
-9.502889640407527924e+09
-7.801220691145228577e+10
3.603259403434718323e+10
-8.087000255148156738e+10
-6.568787123051576996e+10
5.722584431720645905e+10
-1.274616432379370308e+10
-9.342139932892503357e+10
-3.516030979043660736e+10
6.908357623839071655e+10
1.321702396948399048e+11
1.250779926625708008e+11
8.881541525008077621e+09
-4.818559993824707794e+10
-1.257428168630643005e+11
-1.231717343203632965e+11
-1.981954512704905701e+11
-2.914499190367393494e+10
1.142288331097945099e+11
4.433429108542437744e+10
-1.007209646785454865e+11
4.050507546070119476e+10
-1.743381436139204788e+10
4.186044483490016174e+10
-7.810843096757180786e+10
7.351656386405157089e+09
-1.058878581978745422e+11
4.237134410591970825e+10
2.011947955216455078e+11
-3.396880299882525253e+10
-1.227603005228054237e+10
1.506766572568835449e+11
-1.241911658490993652e+11
3.875957717697740173e+10
-2.259920266524911880e+10
5.655125427760360718e+10
1.226955237686736755e+11
