1.184362829931788086e+12
-5.340030254982525635e+11
7.292879150652877808e+10
3.714837362367938843e+11
1.424249235841055298e+11
-2.687621141025540771e+11
-1.315669299797513428e+11
2.983691002829573364e+11
-1.872621211414347229e+11
3.116295380603735352e+11
-7.527060862547175293e+11
2.712284779195736694e+11
-4.959712695176958008e+11
8.485994096056065369e+10
-3.701798950201480713e+11
-5.282300540927023315e+11
-1.062905578360930908e+12
4.305873345254697876e+11
3.822075800579024658e+11
-4.303825733186033936e+11
-2.351580206965048218e+11
-5.217423425770447998e+11
-8.935557053366730957e+11
6.076853179756885986e+11
3.138913712619276123e+11
3.094862807260118408e+11
-5.910902101010932617e+11
7.364281630266468506e+11
2.122431723594600830e+11
-4.746028530520144043e+11
5.869596584282029724e+10
-5.847363179962507324e+11
9.740571202994986572e+11
-4.626390460893065796e+11
2.031389021936345215e+11
8.077660673284851074e+11
-5.828319920693859863e+11
9.516370855171607666e+11
1.475862553436908264e+11
-1.040151228935526733e+12
-1.184140313089081116e+11
1.948956132797988037e+12
-4.252356159274905396e+11
3.350132751243521729e+11
1.043341563607717041e+12
-5.725320592806859131e+11
-7.937929356621854248e+11
-2.123387872683777771e+11
1.242420100884221436e+12
4.582008939576703491e+11
