1.986543753066785600e+16
3.434723655141331500e+15
-6.179835449839104000e+16
5.522018629974673600e+16
6.030067885580073000e+15
-5.572537466738498400e+16
-1.023543940732518240e+17
2.961269067108772800e+16
2.257795638300922800e+16
8.808959073169718400e+16
2.629144659922536000e+16
8.947183949811836800e+16
-2.223090066133852800e+16
-9.536312708869761600e+16
-1.819644755679676000e+16
-3.525966038798765600e+16
-1.683701325666469760e+17
-5.638772012593976000e+15
-2.869329884595067600e+16
-1.142476176838361120e+17
-4.606371549904172000e+16
-1.117352977190134560e+17
1.634599678664237400e+16
1.110264195718597120e+17
1.249605309484168600e+16
1.127789205870029120e+17
-1.109176796577865920e+17
1.177815900346305600e+17
-1.919496453149410400e+16
1.406251296444324600e+16
8.664601724908003200e+16
-8.111735928067140800e+16
6.045118812211972000e+16
-6.634064489427346400e+16
-9.142646675416464000e+15
3.367894201078956800e+16
-6.821903782120729000e+15
1.377599179970517760e+17
3.913933052222137600e+16
-1.036296317070919520e+17
8.516845574837340800e+16
2.248660904408228160e+17
5.597228658894180000e+16
5.528964128690749000e+15
1.481128791289305600e+17
-1.287809468974500800e+17
-1.102557377789119040e+17
-3.974198439094044800e+16
2.890378544509735680e+17
-3.185908740982694800e+16
