3.097145194032225280e+17
3.791492627611057920e+17
7.757768649128570000e+15
-2.587090770661886400e+17
-3.153044120836855680e+17
8.489634195791051200e+16
-2.201263470878607680e+17
2.240802488062115200e+17
5.290953464476794400e+16
-1.709391434954111040e+17
-1.242201381125973760e+18
-7.961198510223449600e+17
4.867697912080698400e+16
9.187361885747835200e+16
2.589334004850605440e+17
1.289586057212075520e+18
-7.118435573266344960e+17
6.024436490657690880e+17
5.542547557299216000e+16
6.575915584749726720e+17
4.003610667227544320e+17
8.669233665034278400e+16
2.529504249386880960e+17
-3.533914876775120000e+17
-3.705962291977563520e+17
3.104790614591919360e+17
-2.081510303505391680e+17
-1.091442106293101312e+18
5.072517646598994560e+17
4.276511159236283200e+16
-4.685382608711169920e+17
6.771864151918931000e+15
3.059876804627715200e+17
-4.599611050556508800e+17
4.662356714388465920e+17
1.046646587109189504e+18
6.604536570447400960e+17
-1.398900428279325696e+18
4.929785321651397760e+17
4.535766789437669760e+17
2.456816226233170880e+17
1.021049594748458496e+18
6.574370632696432640e+17
-2.255074293074215200e+16
1.158010363730728960e+18
1.139609205952840320e+17
9.127178515675830400e+16
-6.563327238843774720e+17
1.652568503484794368e+18
8.526928690259485440e+17
