1.934777451165056322e+06
-8.995473782001086511e+05
1.667898816714796412e+05
-9.234391885472085560e+05
-4.803830248927272623e+05
1.281427372603610129e+05
4.029026909513017017e+04
-6.011013730420550564e+04
9.973116612077502623e+02
-4.153016706928433268e+05
-2.490912182030485943e+06
-5.921782755466239760e+05
-4.861473019745093770e+05
6.669598519927659072e+05
-5.134795623772894614e+05
2.534593948670448735e+05
3.996891319300559553e+04
1.069368917118274374e+06
7.224523446773889009e+04
-4.916955421535359928e+05
-2.111597511174807441e+05
-8.313968295390845742e+05
-5.216514024626964820e+05
6.606783637817102717e+05
9.442063853583843447e+05
-8.146802948081139475e+05
3.162269841447685394e+04
-1.613859722622410300e+04
7.466774436295185296e+04
-5.497327394752276596e+05
-7.425881328344544163e+05
7.585943957128610928e+05
5.986875168721713126e+05
-1.245063183956143912e+06
-5.456379457399072126e+05
3.023995128176155267e+05
-4.876812247306577046e+05
-4.144249469640537282e+05
1.107391864298794826e+05
-1.796729861572792870e+05
-6.468570426314704819e+05
9.891583198270283174e+05
-5.602426618900110479e+05
-1.208265658011611551e+06
6.269737493055771338e+05
4.394372586201968952e+05
-2.225926434877527936e+05
4.112903166734852130e+05
-2.613373209175987286e+05
7.359721058933407767e+05
