3.853962271278017666e+06
-5.234897396298047155e+06
-3.811781153638335876e+06
-1.005654660249564331e+06
3.925976208840898704e+06
1.100745196193740703e+05
-2.434079638225653674e+06
-5.463054484123622999e+06
5.372423724420751678e+05
5.726348566972671077e+06
-6.137742556935050525e+06
4.987771435204739682e+06
-8.259677403844551882e+05
-7.286528109277783893e+06
1.234379881665515481e+06
1.598391351096220780e+06
-1.100948181718299352e+07
-1.800857260043716989e+06
-4.477281906965078786e+06
-6.051824282150593586e+06
3.213432103914453182e+06
-9.269917604305340210e+05
-1.493795016610054765e+06
8.792490251332871616e+06
1.878848394563570851e+06
2.502770584300521296e+06
-2.704216136312259361e+06
9.189326529627971351e+06
5.615724623242145404e+06
-5.127860922679411015e+05
4.579974132671043277e+06
-4.036511349595977459e+06
3.859789607139731292e+06
-5.611944682777047157e+06
-2.706173675277208909e+06
-3.899454704681805801e+06
4.437714014448656701e+06
2.388886312218409963e+06
2.635117635011789389e+06
-3.094957772022122052e+06
6.375137357396241277e+06
1.048424471625571139e+07
3.789335783339979127e+06
-4.848185075756392442e+06
4.075186319063178264e+06
-1.520515577664386947e+06
-7.217341565389988944e+06
-1.480608981562857516e+06
9.181744272727794945e+06
3.449060857310892548e+06
