3.619230998181990534e+07
2.366979162711439712e+05
-1.269454925382379629e+07
-2.928565067640596256e+07
-4.525486855773465335e+07
2.575510176747227088e+07
-2.232118617594026774e+07
1.917354462854023278e+07
-1.024352922366179153e+07
-1.648030365803957544e+07
-7.686112186390334368e+07
-2.763608990543456282e+06
2.187513792830039188e+07
-3.205560383486291766e+07
2.907024604392803833e+07
7.013069729844950140e+07
-3.723716383323840797e+07
4.809423357107745111e+07
-1.118173560713023506e+07
1.092350827161491290e+07
1.686813873093038797e+07
-8.720754719965081662e+06
2.053175367515067384e+07
2.332742611323690042e+07
3.629482977604710963e+06
2.881002213746689260e+07
1.533707101863474585e+07
-2.569181093284729868e+07
4.006710804261796176e+07
2.820965172675102949e+07
-4.113782938401531428e+06
-1.687740068896158040e+07
3.893895700866912492e+06
-7.438662078373870254e+07
-9.790545459512164816e+06
2.076884810402036086e+07
-2.007459681735338643e+07
-4.478353351338472962e+07
1.178008832733318023e+07
1.943482154017974809e+07
3.535485304650893901e+06
5.692030492274358869e+07
4.771840426708933711e+07
-1.188533784510209411e+07
6.621900669944459200e+07
3.046716061146354675e+07
1.430830677442943864e+07
-7.598876264617861249e+06
7.728954113778236508e+07
-8.339547912726690061e+06
