-2.233350328208693336e-01
-5.732854263381518267e-01
-1.131610326006354361e+00
3.015168699735953223e-02
-1.549326085222814564e+00
-1.185088786056185617e+00
2.211447525975152928e+00
-3.862558412948827180e-01
-1.904199184874507456e+00
2.606158043338741570e-01
-9.432098834447908420e-01
1.829282119083874392e+00
1.706717377551886239e-01
1.463770404866515218e+00
3.586565381424587917e-01
4.451260326789052146e-01
4.146981669589944186e-01
1.108868879038459099e+00
6.154965694271664622e-01
7.675935026680000828e-01
-8.948492104286257520e-01
-9.147857133105280480e-01
1.226894527879293761e+00
1.351496345768839369e+00
-9.857315465220811701e-03
4.066109460560430877e-01
-8.041869122399283309e-01
1.165212084378385526e+00
-4.510309933900763513e-01
-3.645273486960461384e-01
