2.758904161143111587e+08
1.184044210167050362e+08
-6.679965114613234997e+08
-2.483217274073906615e+07
2.897066505874770880e+08
1.981894154545071423e+08
1.901251469787876308e+08
1.077107342031130791e+08
3.835769204222332835e+08
-1.144294063658004999e+08
-3.162462269721638560e+08
-3.202319526037762165e+08
-1.248123887396476269e+08
3.283552685362487435e+08
2.884149246341326833e+08
-1.038812963996926397e+08
1.091690208907531202e+07
-5.442358599241445959e+07
-1.344820043863382936e+08
2.924959921280609071e+07
-3.682055470944994688e+08
-9.483066162367346883e+07
-1.329609421847024858e+08
-5.218157122478544712e+08
-2.787974435430558324e+08
-1.270031782492424250e+08
7.973209094891905785e+07
-2.502294151899204850e+08
6.865861053532712162e+07
5.889857074802179337e+08
