-5.712290271124202728e+09
-2.698637770908489990e+10
-4.281217058572913170e+09
-5.176205906298267365e+09
7.135606135952737808e+09
-2.789210247833229446e+10
2.633885771879125214e+10
2.168430732209039307e+10
6.347416686622845650e+09
-1.963702379953985977e+10
1.496343645616754532e+10
-1.901027013589678955e+10
-7.103840246055367470e+09
2.743793301738629532e+10
-5.621820267093091965e+09
-2.549618745637623215e+10
1.262729732371770477e+10
-4.619715004649881363e+09
1.274289188024663162e+10
-5.487813216010921478e+09
2.070151143483655930e+09
-1.390520243577267885e+09
-5.350013792455467224e+09
-5.342094237886750221e+09
-1.051800803472796440e+10
1.704425421406970739e+09
1.188532919112976789e+09
1.417610405753385544e+10
-1.074873362711955643e+10
-2.769544521273304939e+09
8.655461968671630859e+09
1.196169850736237907e+10
-1.133264786591072464e+10
-1.114543101711424255e+10
3.265830446387660980e+09
2.971752742959372711e+10
8.214042988305483818e+09
-2.049396317968773270e+10
2.249293553982129288e+10
1.177608722103002310e+09
1.385101267878996277e+10
-6.774044003419976234e+09
2.830489526307830811e+10
-5.668761442122303009e+09
-2.189497352990539551e+10
-2.292851903537012100e+10
1.295395322049692726e+10
-3.414103384738173962e+09
-2.424644426357896423e+10
-1.814900892554157257e+10
