-1.335176080912343216e+10
5.997648721850987434e+09
2.439030666425158679e+08
9.696949193438114166e+09
-4.374459651208711624e+09
-2.826956629546941280e+09
-6.743147927222187042e+09
-9.415275569313436508e+09
-9.972680632912544250e+09
1.643455473287191963e+10
8.157803033476948738e+08
7.111320042851533890e+09
8.555016697023448944e+09
1.295722187283475876e+10
3.588593486929994583e+09
1.829052323945103884e+09
-1.820193957358524323e+09
4.364601531494609833e+09
9.511878722220733643e+09
4.801252452668585777e+09
-1.686974303666551781e+10
3.397001537567426682e+09
1.259191076548380470e+10
-1.502439151854450798e+10
-3.514870435423955321e+08
-6.302710532544177055e+09
1.237353232773109627e+10
5.061326879593612671e+09
-3.965431526315965056e+08
-1.867948248361194992e+10
