-2.951120853970943069e+10
-8.708711374482421875e+09
1.640463511166467094e+10
3.502050528986035156e+10
-7.029944750252912903e+10
-5.865797459228623390e+09
-1.615146315145551872e+10
-1.067133600932816124e+10
-7.468962545056993103e+10
1.245071960682381744e+11
2.344036329108502579e+10
-1.434619113579240990e+10
3.387417215874712753e+10
3.555764146170398712e+10
3.205893939247873688e+10
2.351872361189545441e+10
-4.926062322188727570e+10
2.914066929776341629e+10
6.267006692676037598e+10
2.646984280253734970e+10
-8.365950335690995789e+10
-2.393307738494567108e+10
8.157064461300740051e+10
-4.350672806862029266e+10
1.615452689842855072e+10
-4.107187555712747955e+10
9.725209334737356567e+10
7.057739298710180664e+10
-2.820774726304786301e+10
-9.985790976435472107e+10
