1.962556469498557031e+13
7.116542377488491211e+12
2.429163531926914453e+13
1.548479781516361914e+13
8.112309693416684570e+12
-7.044543785793181250e+13
5.000442354633435938e+13
5.012651269014959961e+12
-1.904435021724056250e+13
-1.373034198634332812e+13
-4.221273754606955469e+13
-4.072861587009685938e+13
1.010368255153130469e+14
1.879395472337844141e+13
-1.366808554668638867e+13
2.974978459253795703e+13
-6.610517188795983398e+12
5.081666762589716406e+13
-2.300469813672800000e+13
-6.032359182486022656e+13
3.447209732343160938e+13
-1.748879374668635938e+13
1.991224770823666797e+13
1.284772565138461719e+13
-7.974109622832564062e+13
-3.085636184235948438e+13
2.757300460924419531e+13
2.297081096299009766e+13
-5.808009696534390625e+13
-5.433582357906695312e+12
-2.978659883813000391e+13
-4.669641181515188281e+13
5.012617308778492188e+13
-2.441695671457426172e+13
1.345906617296975469e+14
6.736715032110899219e+13
3.387466173456104297e+13
-7.888293604417696875e+13
1.059972051863002500e+14
-6.269747767911792969e+12
-5.905830534402664844e+13
1.008293982177313594e+14
6.347740784091483594e+13
1.270499933119852734e+13
1.794057999066866699e+12
-5.433673349831017188e+13
2.835596607561830469e+13
-3.951036097080183594e+13
2.490989252900469531e+13
-1.243019583488401406e+14
