-1.496002307291174316e+12
1.246641424169113281e+12
2.568772977562329102e+11
1.426701919228777588e+12
-1.257570691048464355e+12
-3.609053249441402588e+11
-9.118739358846596680e+11
-1.641812685482480957e+12
-2.088898748198735352e+12
3.492526698587091309e+12
8.462207750196529541e+11
6.657053078957781982e+11
7.872778307524337158e+11
2.008242199198046387e+12
7.321637092982834473e+11
5.843493186878255615e+11
-1.234401196955409180e+12
6.716955757996029053e+11
2.270438068463512695e+12
1.348610406880408936e+12
-2.866434286174474609e+12
-2.666503625169604111e+10
2.549934223126161133e+12
-2.677444558822544922e+12
2.244962913655577393e+11
-1.451993952435710449e+12
3.033435216785288574e+12
1.606332690595014893e+12
-7.985556900884510498e+11
-3.874301273563362305e+12
