-8.901025213265370000e+14
-1.612242629351652000e+15
9.378261083404136250e+14
2.966454188066378500e+15
5.744864276252486250e+14
-4.072789302493999500e+15
2.456571161573104000e+15
7.151660822690663750e+14
1.988893118623610250e+15
4.885598259754551250e+14
1.287390860884334000e+15
-4.189799168172338000e+15
-9.896805873660539062e+12
5.940379067349820000e+15
5.413438637152104375e+14
-4.186428627417178500e+15
-4.422065529156632500e+15
-2.300860093543106000e+15
2.798514952083080500e+15
1.131769117787274000e+15
9.220516388854860000e+14
1.821086593001511250e+15
-1.250107980879663250e+15
2.978455466747633125e+14
2.138816016525331500e+15
-1.810866898559227250e+15
1.072324818617323375e+15
1.077391533716464250e+15
-2.758189489226670938e+14
3.593374537223248125e+14
-4.217230523463309375e+14
2.492610286107208438e+14
-5.204767151946179000e+15
1.279319625097405000e+15
-4.627571111269353750e+14
3.627969165420136719e+13
-1.833418074531867000e+15
-2.454532763549238125e+14
-1.450590246096305500e+15
-3.935330174538378125e+14
-1.967035459558723250e+15
-2.933244838871573000e+15
3.793873703429992500e+15
-1.000523039396282375e+15
-4.998534321378456000e+15
-2.151807108205467750e+15
-2.533084450984548828e+13
1.297401707179251250e+15
-3.400110726440553500e+15
-5.399897906382248000e+15
