-2.944381458929383500e+15
2.098357667217231600e+16
2.308539229910955200e+16
1.378308657606856400e+16
2.373010007806051600e+16
-1.156058010816586800e+16
-2.172270291325901200e+16
-6.269157819383297500e+14
-1.201729651801327800e+16
2.627078381893576400e+16
2.449059605365188000e+16
-1.386887099138429000e+16
-6.643075205726387000e+15
1.987501732769957200e+16
-8.424011370132631000e+15
1.946180357073540000e+15
1.337960866758350600e+16
-9.722540315266770000e+15
-5.732198067560762000e+15
8.241167907028415000e+15
2.543531288698415200e+16
1.414198655251954000e+16
-3.339003701380449000e+15
-3.087670997571907600e+16
2.016792527375600800e+16
8.351012463898497000e+15
-1.314116861747204000e+16
4.927855401553543000e+15
2.575069596580798800e+16
-2.950862104324706800e+16
-1.569758141296011400e+16
-7.162259973485127000e+15
1.803584255944210400e+16
2.282730386426354400e+16
-7.038937070623361000e+15
-6.020202529570193750e+14
-5.001798525609405000e+15
3.137214525691236000e+15
-4.250749455812252000e+15
-3.529727341013858400e+16
2.476870911024895600e+16
-3.582064472932388000e+16
-6.099451175204986000e+15
7.158862304136668000e+15
5.091697848309249000e+15
9.457848305028396000e+15
-5.403741352456133000e+15
2.305612622956773000e+15
4.097089112159233000e+15
-2.175111264513014400e+16
