3.151262933781614800e+16
9.325851831489403200e+16
-4.218625085119442400e+16
7.709120221088988800e+16
3.078981575151041000e+15
-2.075533498714954560e+17
7.506509055738425600e+16
-5.097672838883497600e+16
-1.284696045076263200e+16
-3.607427819095610400e+16
-4.896456714169446400e+16
-4.090381723770170400e+16
1.656431328011516480e+17
7.879284152388528000e+16
-4.419808918220205600e+16
-3.919926148036490625e+13
9.545632540061667200e+16
-6.902307633127599000e+15
-1.415393883927776640e+17
-1.010352719179321600e+17
2.512644291244661760e+17
1.143025869517727360e+17
-3.960138390069750400e+16
-1.627503728155605000e+15
-8.641169547816502400e+16
3.843367928311973600e+16
-1.067157807187407200e+17
1.145806674789559360e+17
-1.238652370988185280e+17
-8.946976919047227200e+16
-1.618751833505591360e+17
1.144486687557382000e+16
1.830557606070633920e+17
1.049913490578708960e+17
3.532641571450821120e+17
4.830156507246893600e+16
1.311695305704913800e+16
-2.439249047672257200e+16
1.031433398002793440e+17
-1.991474578479996160e+17
-1.283486931483481440e+17
1.159368842417523040e+17
-6.913221343908220000e+16
-1.057109834305632000e+17
3.008252390798493600e+16
6.343183588430311200e+16
1.194053560154434400e+17
-2.315121951394523520e+17
1.479463325318304320e+17
-1.132916112750259200e+17
