2.996883926024809480e+05
1.557261818939440709e+05
-5.411873878444574075e+05
-1.463951457120219711e+05
2.055535949724927195e+05
1.896538124183538603e+05
6.553975395551255133e+03
4.279331479356941418e+04
4.098978266602602671e+05
-1.609161088023015764e+05
-1.812667977060891862e+05
-3.118587110311920405e+05
-5.972223319527752028e+04
1.089660127157133247e+05
2.338738929267058847e+05
-2.359896895166093891e+05
-5.131349309223936143e+04
-8.137512254718899203e+04
-7.198447155295469565e+04
1.212693753659587492e+04
-1.674211379970246926e+05
-9.983291392149990133e+04
-1.556303150667037407e+05
-2.761215534377279691e+05
7.644937998756936577e+04
-9.689998201664889348e+04
1.824252844480281346e+05
-1.045139869944211532e+05
-2.794878346745665476e+04
3.663918505455385894e+05
