-1.675550915873186023e+05
-3.331952745323810814e+04
-9.474046188902950380e+05
-5.005907422513536876e+05
2.277652570480371069e+05
-4.662320044817627640e+05
-3.110664828060223372e+05
3.590331428791159997e+05
9.788850670144104515e+04
-1.029505209811799868e+05
-2.190723126382867049e+05
-5.448983659933046511e+02
-1.495747397125006828e+05
6.449914220426919637e+05
-5.405814961244790175e+04
-1.746615696375539701e+05
-1.049492906694650155e+05
2.073552423117865328e+04
1.624051019230373204e+05
9.126817599731879309e+05
4.101642714842031710e+05
1.861477839207196375e+05
1.207810231508222932e+05
5.958879457657234743e+05
-6.357246370824300684e+05
3.345472076844809926e+05
-7.477953889274348330e+04
2.935502564254250610e+05
-2.492693934591691141e+04
5.613545155963801080e+05
