-1.632883812839590386e+07
3.956487202234576643e+07
5.704304456499631703e+07
4.230134773859859258e+07
7.217288607645563781e+07
-3.859952214874606580e+07
-5.411762893365404010e+07
5.048518208928286098e+06
-3.019267764506076276e+07
7.236831803444048762e+07
5.280766360976030678e+07
-2.891893613047627360e+07
-2.939035970514079928e+07
6.467527014136021584e+07
-2.405823286714535207e+07
2.360304020722390153e+06
4.638689134775012732e+06
-2.221540634971235320e+07
-1.160807881435422413e+07
2.737449053865540028e+07
5.766489853925883025e+07
2.199759659333605319e+07
-9.964813595439360943e+05
-7.773962194146783650e+07
3.033182837240947038e+07
1.671919817330130376e+07
-1.077329468765057251e+07
1.500697268306944706e+07
7.813329415693989396e+07
-4.272618424979441613e+07
-4.732259344619790465e+07
-2.000849727835205570e+07
2.485565780099817365e+07
1.340488361104578339e+07
-1.162448033935372718e+07
1.439761626218889467e+07
-1.146648844844105840e+07
-7.782781508594021201e+06
-4.168526608950864524e+07
-8.121003122277189791e+07
5.613833635965560377e+07
-6.179512220073633641e+07
1.777056829122098163e+07
5.874197785092943907e+07
1.803598134897127748e+07
-2.031916691699362919e+07
-4.721185268973878585e+06
1.137416260671989992e+07
-1.058339141060179099e+07
-5.725160780933242291e+07
