[[ -1.18176144e+00  -8.36838591e-01  -1.73877598e+00   1.38140449e+00
    6.03777188e-01  -7.00033281e-01   1.23608880e+00  -1.50349433e+00
   -6.74796825e-01  -1.28114607e+00   1.68722460e-01   2.03484314e-01
    1.01050958e+00   2.07918909e-01   1.15490788e+00   9.54549052e-01
    3.76816147e-01   1.12395258e-01  -1.17687220e+00  -2.40126854e-01
   -1.21833540e+00  -1.27954873e+00   1.36202920e+00   4.44968615e-02
   -1.23941714e+00  -6.65743407e-02   3.96113166e-01   3.23139681e-01
    2.84185079e-02  -1.26602500e+00]
 [ -1.08218055e-01   1.33343883e+00  -5.07952635e-02   3.88086895e-01
    8.30023345e-01   5.95513137e-01   5.61227872e-01  -3.50302965e-01
   -1.59599317e+00   4.63442178e-01  -9.80326975e-02  -8.06459474e-01
    1.77440006e+00  -6.60142966e-01  -3.40168644e-01   5.27656754e-01
    2.55865405e+00  -1.56535278e+00   2.15173602e+00   4.14879858e-01
    3.95993036e-01   4.16241068e-01   2.42415140e-01  -2.84606818e-01
   -1.04677132e-01  -5.10780399e-01  -2.29795505e+00  -5.24745174e-01
   -5.44558810e-01   8.62036228e-01]
 [  1.72897898e+00   2.04153456e-01   8.97189818e-01   1.00692045e+00
   -2.86649578e-01   3.43476863e-01   8.70071072e-01  -1.64358289e+00
    1.61433201e+00  -3.98934660e-01  -1.28936160e-01  -8.91263780e-01
    3.49538619e-02  -1.10959938e+00  -5.07428646e-01  -6.45789185e-01
   -2.30477833e-01   4.63660492e-01  -5.30453750e-01   7.27952375e-01
    2.58697311e+00   2.70444114e-01  -1.02106224e+00   1.38184859e+00
   -3.43907402e-01   1.12704368e+00  -1.32168351e+00   6.53119311e-01
    1.30335522e+00  -1.76156800e-01]
 [ -2.10792521e-01  -9.97169192e-01  -9.23951732e-01   3.19668146e-01
    1.61189411e+00  -4.86959193e-01   3.32926839e-01  -4.19050659e-01
   -1.64382311e+00  -5.97588764e-01   1.46877788e+00  -7.79659566e-01
   -5.47690988e-02  -5.32612689e-01   1.49871102e+00  -1.14455754e+00
    7.94680722e-01   1.19631486e+00   3.39913795e-01  -5.17216347e-01
   -2.08808678e-01  -2.85766681e-01   1.00629535e+00  -1.26368738e+00
   -1.11496358e+00  -2.31045555e+00   4.72322667e-01   1.71927506e+00
    1.88295302e+00   4.65753768e-02]
 [ -2.05627941e-01  -8.49704373e-01   8.02566066e-01   8.25864262e-01
   -1.34712647e+00  -7.59058013e-01   1.61816560e+00   1.87936617e+00
   -3.06387557e-01  -4.62030064e-01  -1.98808115e-01  -2.42313961e-01
    1.03105773e+00  -1.21962049e+00   1.49972763e+00  -5.31719634e-01
    1.52815882e+00  -7.49110614e-01  -9.23701193e-01   1.06999377e+00
   -5.69028505e-01   4.62871582e-02  -5.57526826e-01  -9.12975029e-01
   -1.50863533e-01  -2.07907287e+00   3.95272111e-01   3.08760008e-01
    8.88604433e-01  -7.55269065e-01]
 [  3.96707866e-01   8.22527238e-02   9.31551376e-01  -1.45555918e-01
    8.03128405e-01  -1.20567174e+00   1.22715906e+00   2.34079950e-01
    4.64029950e-01  -1.19942690e+00  -3.77183405e-01  -7.55411859e-01
   -1.23001414e+00  -6.11703752e-02  -1.37737215e+00  -8.85653590e-01
   -1.75544284e-01   1.30794188e+00   1.27624578e-01   2.89223863e-01
   -7.38437934e-01   2.00324909e-01   3.42495327e-01   3.17206086e-01
   -9.79298425e-01   9.96384013e-01  -1.06321762e+00   1.11307149e+00
   -6.83008100e-01  -1.12004059e+00]
 [ -9.53159920e-01   5.47016620e-01  -1.65784364e-01  -3.98493713e-01
    1.41537385e+00   5.43879639e-01   1.23728845e+00  -3.06890648e-01
   -8.96181335e-01  -4.01413213e-01  -4.50445279e-01   1.31300290e+00
   -4.58376352e-01   1.84036281e+00   1.41559552e-02  -3.32983473e-01
   -1.25794001e+00   1.47946777e+00   1.06091048e+00  -1.04761473e+00
   -7.83005146e-01   5.25432235e-02   5.94412742e-01  -6.27462354e-01
    2.23164614e-02  -1.67027187e-01  -3.74351977e-01  -5.50657065e-01
    1.28099450e+00  -2.29255333e-01]
 [  2.16404751e+00   8.39468695e-01   1.04693347e+00  -6.14132613e-01
   -4.47027298e-01   1.01245591e+00  -2.47345207e+00   1.52567831e+00
   -4.38765615e-01   1.64993720e+00  -6.19933360e-01   1.20384645e+00
   -1.24998682e-01   5.66088902e-01   2.73989810e-01  -5.65134093e-01
    2.02010624e-01   3.90685086e-01   1.56689389e+00   3.59200778e-02
   -7.67591030e-01  -9.70621637e-01   6.47203243e-01   1.54116845e-01
   -1.07381083e-01  -1.14642138e+00  -2.44354643e-01  -3.58352856e-01
   -1.15421120e-01   8.67660083e-01]
 [ -2.63907881e-01  -1.47818361e+00  -1.12036297e+00   1.66665050e+00
    3.01976966e-01  -3.55947222e-01   6.65165607e-01  -1.02190368e+00
   -1.58963633e+00   2.44041973e-01  -1.00137718e+00   3.78039508e-01
    6.21222303e-01   7.48119030e-01  -4.45592532e-01   9.28701147e-02
    7.58538724e-01  -9.54808939e-01  -2.05729058e+00   1.09911128e-01
    7.58600340e-01   4.48825483e-01   1.93905397e-01  -1.25375886e-01
   -1.30145409e+00   1.43016992e+00   3.93498852e-01   1.64316622e+00
   -4.37807874e-01   8.40820553e-01]
 [ -7.35443744e-01   9.48260093e-01  -1.26892148e+00  -6.26372736e-01
    1.48653650e+00  -6.30220745e-01  -1.91060911e-01   2.01435727e+00
    5.14151039e-01   5.36772523e-01   9.71855613e-01   8.61605949e-01
    3.22668517e+00  -2.52440258e-01   2.16325075e+00   1.24238476e+00
    1.33583445e+00   4.47541763e-01   9.36250311e-02   1.24358582e+00
   -2.06281784e-01   8.97267093e-01   3.20277997e-01   6.39382278e-01
   -2.64907681e-01  -5.95072937e-01  -1.22677722e+00   5.90751995e-01
   -1.95318473e-02   6.72451859e-02]
 [ -9.25384415e-01   1.48671471e-01  -8.71525647e-01  -6.42470887e-01
   -1.82236094e+00  -3.25403605e-01  -6.92645070e-01  -6.30463990e-01
   -4.13103796e-01   1.27857386e+00   1.07676687e+00   9.79940737e-01
   -4.34100677e-01  -1.59503182e+00  -3.94077874e-01  -5.57915607e-01
   -1.04222749e+00  -2.81384062e-01  -1.20124581e+00   7.32979190e-01
    7.62077042e-01   1.61193809e+00  -5.68195675e-01   1.05272879e+00
    2.66282929e-01   3.42514073e-01   6.03369751e-01  -1.53844888e+00
   -1.92683290e-01   8.88701398e-01]
 [ -4.18254905e-01  -3.63741598e-01  -3.14676290e-01   5.95182799e-01
    1.09713168e+00  -2.26411312e+00   7.78054651e-01   1.19794942e+00
    1.96504408e-01  -1.17759668e-02  -6.62250592e-01   1.91140336e-01
    1.29115789e-01  -3.03226040e-01   6.33730335e-01  -1.44583962e+00
    3.31697699e-01  -6.39942847e-01   7.30272238e-01   3.96354589e-01
   -4.98023852e-01   3.47732629e-01  -6.85597441e-01  -1.67559013e+00
   -1.28206971e+00  -7.68018162e-01   2.10393825e-01   1.06963424e+00
   -7.61165251e-01   4.14139195e-01]
 [ -2.73045141e-01  -5.25990356e-02   8.97545094e-02   9.80028947e-02
    6.25357092e-01   9.65178439e-01   1.54713635e-02   8.81888897e-01
    1.75715586e-01   1.56723182e+00   5.11834754e-01   2.06919819e+00
   -7.50326540e-01   1.33328350e+00   1.02881769e-01  -6.36081231e-01
    9.01018981e-01   9.47052585e-02   1.55720373e+00  -1.56382212e+00
   -1.52624553e+00   1.17477621e-01   1.32560528e+00  -2.00796044e-01
   -1.53199063e+00  -1.41057481e+00   1.20637714e-01   1.04599716e+00
    1.80009560e-01   7.36209104e-01]
 [ -1.10245211e-02   2.35828194e+00  -8.33792261e-01  -6.93754555e-01
   -3.99593293e-02  -3.34363864e-01  -5.04699945e-01   1.32469596e+00
   -9.26157289e-01   1.25253682e+00  -2.84979572e-01   9.93732534e-01
    1.78756388e+00  -8.55460795e-02  -1.48740715e+00  -1.18982758e+00
   -8.70584564e-01   3.82829328e-01  -5.67036041e-01  -9.43906592e-01
   -6.71921564e-01   3.13184033e-01   9.56982866e-01  -4.01478272e-01
    2.24920182e+00   1.14969907e-02  -1.02105767e-01  -2.43200929e-01
   -2.90715127e-01   3.75869216e-01]
 [ -5.11724440e-01  -1.89438596e-01  -6.69678182e-01   7.71728344e-01
    5.71705020e-01  -1.90235753e-01  -5.06433295e-01  -3.81086718e-01
   -6.36571911e-01   1.87484795e+00   1.12686779e+00  -1.13650986e-02
   -1.65312813e+00   1.31851292e-01  -9.61784614e-01   3.42254919e-01
   -4.71520125e-03  -1.10751988e+00  -3.76736787e-01  -4.40450371e-01
   -7.35950180e-01   7.11242035e-01   1.65266926e+00  -4.03107724e-01
    1.15726175e+00  -9.78594677e-01  -1.57223462e+00   1.88640376e+00
   -5.29559157e-02   2.15326063e+00]
 [  1.32351587e+00  -5.58941059e-01  -1.40399395e+00   1.12723096e-01
    1.06037371e+00  -2.03916526e-01  -5.73110654e-01  -9.10774557e-01
    4.56784247e-03   5.95700344e-01   1.11409756e+00   9.05863932e-01
   -1.38645372e+00  -4.21041217e-01  -1.02526094e+00   3.51369617e-02
   -2.68283048e-01   1.18078743e+00  -3.18106622e-01  -1.03367365e+00
   -1.17595479e+00   6.13921974e-01   5.95460121e-01  -9.73713433e-01
    1.77365910e+00  -9.81478234e-01   6.03068466e-01  -4.61965643e-01
   -1.04798919e+00   8.92216184e-01]
 [ -1.73735412e+00  -1.38783367e+00  -5.65779416e-01  -1.01882503e+00
   -1.09011815e+00  -9.72989207e-01  -6.42719199e-01  -1.61345083e-01
    1.92966737e+00  -4.44930828e-01   2.78129267e-01  -4.00694076e-02
    1.21430680e-01   8.35577466e-02   8.19208393e-01  -2.97661179e-01
   -8.32597371e-01  -1.29244162e+00  -1.45334864e+00  -1.36190341e+00
   -2.37657160e-01   7.45744337e-01   1.36844472e+00   1.58083238e+00
    2.08927304e+00  -1.00399500e+00  -1.60844384e+00   7.52461033e-01
    1.23336776e+00  -4.79693840e-01]
 [  9.49569890e-01   1.02935522e+00   4.39319602e-01   2.85818355e-01
    5.14332603e-01  -5.96920970e-01   6.48378529e-01   1.89010272e+00
   -3.13907561e-01   3.49132685e-01  -5.34755112e-01  -1.61522835e+00
   -6.22412474e-01   8.83815694e-02   3.83497613e+00   1.13277446e+00
    7.05464583e-01   7.74447972e-01   2.29170648e-01   7.11618876e-01
    8.74524084e-01   8.10333283e-01   4.49605142e-01   1.09279453e+00
   -9.76615946e-02   6.17606789e-01   7.07849233e-01  -4.98533065e-01
    1.27012106e+00   2.59996026e-01]
 [ -5.12966789e-01   1.08356274e+00   9.31867456e-02  -9.74501319e-02
   -1.11814480e+00  -2.82721763e-01  -4.72142478e-02   2.48660365e-01
    5.44152416e-01  -8.04685862e-01  -2.39065830e+00   2.11681699e+00
    2.51408232e-01  -1.78136827e-01   3.92440904e-01   7.10668430e-01
    1.01587470e+00  -1.78240344e+00   8.52105216e-01  -3.33706182e-01
   -1.01177073e+00  -3.80142497e-02   1.05403315e+00  -1.39235668e+00
   -1.80080401e+00   1.00899676e+00  -2.99346392e-01   9.07390191e-01
    4.53533325e-01  -1.12559457e+00]
 [  1.19036577e-01   1.85095728e-03   5.15776918e-01  -7.24250336e-04
   -4.58869884e-01   9.21361671e-01   1.77163950e-01  -1.56383291e-01
    5.25637477e-01  -3.52711599e-01  -9.08249988e-01  -7.81607308e-01
    1.52945259e+00  -5.65443658e-01  -5.18510244e-01  -1.15420553e+00
    1.50247201e+00   1.48122350e-01   1.75145230e+00  -2.99428403e+00
   -4.89368161e-01   6.17496858e-01   2.85919022e-01  -1.37652448e+00
    1.83855639e+00  -1.03377268e+00  -9.35063787e-01  -2.60123718e-02
    1.58282769e+00  -1.68386411e+00]
 [ -6.07725398e-01  -9.61981272e-01   1.72068368e+00   1.59233821e+00
   -1.35886772e-01   1.04290123e-01   4.92077382e-01  -9.49285547e-01
   -2.91429571e-01  -4.45059798e-01  -5.44950495e-02   1.50901132e-01
    2.67950401e-01  -6.79823475e-01  -8.02427856e-01   2.80058956e+00
   -1.05724673e-01   1.98262024e+00   1.12856316e+00   1.34361360e+00
   -1.02706582e+00   1.78929494e-01   9.42412963e-01  -1.08051941e-01
    3.44590743e-01  -8.66775214e-01   2.02521082e+00  -8.17220836e-01
    2.89407905e-01  -1.62584420e+00]
 [ -1.95972706e+00   1.43994347e+00   2.54542366e-01   2.18098666e-01
   -1.29805311e+00   1.03662589e+00  -3.51750350e-01   1.34593207e+00
    4.59389613e-01   1.66269234e+00   9.50895197e-01   1.70992528e+00
    1.00166703e+00   5.31289982e-01   2.42790296e-01   1.31578734e-01
    7.22352068e-02   2.24571697e-01  -1.48568166e+00   5.47008291e-01
    2.26204098e+00   2.81595243e-01  -9.85139435e-01   7.26285226e-01
   -8.87955934e-01   1.41928949e+00  -1.91429060e-01  -1.16660919e+00
    2.73935197e-02   1.88924165e-01]
 [ -2.10925635e-01  -1.44580991e+00   4.74729195e-01  -1.58258535e+00
    1.55889409e+00  -6.55094748e-01  -1.29677695e+00   4.99620089e-01
    5.50412215e-02   3.51223764e-01   1.71555085e-02  -5.64856275e-02
   -1.00327171e+00   8.07697837e-01   6.82455614e-01   4.17427198e-01
   -1.37109001e+00   1.98592522e-01   1.63639344e-01  -1.93434173e+00
    4.05241485e-01   1.56022319e+00   4.54025652e-01   2.01079404e+00
   -6.87798679e-01   1.21772992e+00   1.90768170e-01  -9.79001182e-01
    3.29034649e-01  -5.06770281e-01]
 [  1.29716139e+00  -7.43598001e-01   1.05632138e+00   1.66568244e-01
   -1.44716293e+00   4.63674298e-01   2.21910038e+00   2.10678905e-01
    8.52602039e-01  -1.17840931e-01   1.20227097e+00  -4.92239299e-01
   -1.05125275e+00   9.79613662e-01  -5.82016901e-01   8.09584859e-02
   -6.15440337e-02  -7.46524777e-01  -5.41845660e-01  -4.82742499e-01
   -5.97419070e-01   7.25156144e-02   1.61118866e+00   1.63164746e+00
   -1.12685902e+00  -5.59559546e-01   1.85790107e+00   5.10983251e-01
    1.89634945e+00   6.30986962e-01]
 [  9.99129873e-01   5.73804808e-01  -8.95516456e-01  -1.02629580e+00
   -1.96466411e-01   6.78750668e-01  -4.77366490e-01   1.80055678e+00
    5.60269814e-01  -1.82911996e+00  -6.69786885e-01  -3.88745836e-02
    2.83122831e-01  -8.65405620e-01   9.78984349e-02  -8.65862789e-02
    4.36660604e-01   1.05958961e-01   2.16871549e+00   1.43358547e+00
    7.44422508e-01   8.85837315e-01  -5.35873668e-01   7.93998140e-02
    3.39301115e-01  -1.16561064e+00   8.91869533e-01  -1.61300826e+00
   -1.36832178e+00   7.44865100e-01]
 [  1.18487626e+00   4.07319958e-01  -1.40848462e+00  -9.17788946e-01
   -2.49946260e+00   5.77702754e-01   1.28236234e+00  -3.55373383e-01
    1.19785464e+00  -5.27962470e-01  -5.82457241e-01   7.76190823e-02
   -5.82587519e-01  -1.08260470e+00   1.03826483e+00   1.61530875e+00
   -1.17014070e+00   1.03384075e-01  -6.20847352e-01   2.08472251e-01
   -6.53653610e-01   9.94438936e-02  -9.07814630e-01   2.65105472e+00
    1.13554899e+00   4.10372167e-01   2.65963827e-01   2.52931645e+00
    6.40414128e-01   7.56541870e-01]
 [  1.83342079e+00   2.66659241e+00   7.21166057e-01  -3.35397784e-01
    2.04401564e+00  -4.76233833e-01   1.79445596e+00   9.07881842e-01
    8.19322287e-02  -7.70946108e-01   1.79131564e+00  -3.08757197e-01
    1.88009667e+00  -1.20939291e-01   9.61546413e-01  -4.99705616e-01
    8.78663782e-01  -3.76599740e-02  -9.95716202e-01   3.35952570e-01
   -2.40491699e-01  -1.17318661e+00   5.72119950e-01   2.24575303e+00
   -1.26418083e-01  -6.48648264e-01  -7.93545156e-01   5.81694931e-01
   -2.99394008e+00  -6.94934498e-01]
 [ -1.60549014e-01  -1.47179706e+00   1.17687072e+00   1.58730765e+00
    8.43879691e-01  -2.73075778e+00   9.25282538e-01  -6.44082086e-01
    7.42834751e-01  -1.14002144e-01   1.49166810e+00  -1.79760276e-01
   -2.37693897e-01  -1.87404127e+00   2.86952763e-01   1.04934287e+00
    6.06384361e-01  -1.49309522e+00   5.74611530e-01  -1.82767464e-02
   -3.89600425e-01   1.30841135e+00  -4.16928435e-01  -8.97779737e-02
    1.71841247e-01  -9.06476317e-02  -1.70859213e+00   6.08846622e-01
   -2.57794624e-01   3.34235164e-02]
 [ -2.75591626e-01  -1.11584647e+00   1.11109605e+00  -1.68154669e+00
    1.04799011e+00  -1.01682015e+00  -8.26753112e-01  -8.76826011e-01
    3.26692593e-01  -1.75877371e+00   1.73959647e+00  -7.28003168e-01
    1.22405968e+00   1.73335656e-01  -1.16048299e+00  -1.37942923e-01
   -1.03693695e-02  -1.15268748e-01  -2.76301360e-01   4.99382677e-01
   -5.84792714e-01   2.27516857e-01   6.85502464e-01  -1.85329228e+00
    1.85341306e+00  -7.46061236e-01   1.05735440e+00  -1.34515450e+00
    8.86556557e-01  -2.20149335e-02]
 [ -1.50091407e+00   9.49529727e-01  -1.46609296e+00  -3.05539481e-01
   -5.48305752e-01   9.02738491e-01   3.46854418e-02  -5.11533986e-01
    5.11671892e-01   2.68132956e-02  -6.72413550e-01  -1.31219694e+00
   -1.17480255e+00  -5.41408366e-01   8.08458590e-01  -1.54100465e-01
    6.01698466e-01  -4.37226065e-01   7.44325366e-01   4.90952687e-01
    7.77512520e-01   2.52833646e-01  -1.92287208e+00  -2.07108844e+00
    5.62256732e-01   4.04517062e-01  -1.21629953e+00  -1.84259851e+00
    1.75397493e-01   2.80684245e-02]]
