-3.230054318158734894e-01
7.696196776875240397e-01
4.980736530578740440e-01
-1.969083554089228194e+00
-1.609009636657589670e+00
9.185842785015845280e-01
-3.265661009150013783e-01
-7.761414689815519796e-02
-2.890727701492131096e+00
-1.594120235897000137e+00
-4.322276912295364149e-01
-3.184543422770257370e-01
-8.007675697000435910e-01
9.724839321623615085e-01
-3.682168110668059685e-02
-9.268893993715852930e-02
7.108730506609160782e-02
1.137386717772333050e-01
1.087118962646618003e+00
-6.023663539398790845e-02
-3.828645665966415867e-01
-2.020764760915358393e-01
-1.419019148576209144e+00
-6.262865379812762590e-02
2.409120187481847697e-01
3.746026363545325588e-01
3.121833427393373994e-01
3.124258727276054137e-01
5.048345006519648903e-01
7.049567875336933964e-01
