3.726675041114066243e+08
5.476995978943608999e+08
-3.022344949121137857e+08
1.679772273152817786e+08
1.363123699716756120e+06
-5.616898641152538061e+08
-3.819103221147671938e+08
-1.882684201376954317e+08
-3.320028272883932590e+08
-3.158898732744481564e+08
-3.632404659394320101e+07
-2.106443662426515222e+08
-2.206784613524808884e+08
3.585239400756331086e+08
-2.398558681464041471e+08
-2.347060849239216447e+08
1.186974191309399128e+09
-1.084360453823850751e+08
-2.837023863755889237e+07
-1.439578491158044636e+08
3.770931783088616729e+08
1.226587680407287478e+08
-5.410614602154875994e+08
2.390521591577126682e+08
-1.903579070066489875e+08
-5.196837593782584071e+08
-6.486425245225975513e+08
-1.444464024165370762e+08
-1.129955454181356579e+08
-4.498003966816521287e+08
-9.475070370068407059e+08
1.421792462811887264e+08
-3.411599327188863754e+08
4.198323728247618675e+07
1.734879088258112669e+08
-5.488016107673554868e+07
5.861233822816532850e+08
-1.418015000414021313e+08
5.891387705118840933e+08
-3.978927540251846313e+08
3.220251947882471085e+08
6.330215679597340822e+08
-2.361706041623413861e+08
4.451567739575003386e+08
-8.406151229903408289e+08
-1.315271159944818914e+08
4.833489078306592256e+07
4.395565831252878308e+08
-5.235103066437360048e+08
2.539415360198825598e+07
