1.083380460681989230e+07
-2.111793187003905177e+08
4.211421710727502108e+08
7.762472213432000577e+07
-1.762931570198626518e+08
-1.178996667071869075e+08
5.099974356771174669e+08
9.121891298586228490e+07
1.491069388214739263e+08
-3.286763745168310404e+08
3.188263328937507793e+07
-9.886444552599768341e+07
-2.956905452760388255e+08
-3.096994240693620443e+08
-1.209330949704265147e+08
-1.732112351940007210e+08
-4.751516373538868129e+07
2.491350595187193900e+07
3.230986219322082996e+08
-1.454188681019776464e+08
6.737780273980019987e+07
-1.221310204466617852e+07
-2.333589623788155019e+08
1.402139737063254714e+08
-4.209009944446057081e+07
7.923415571181122959e+07
-7.148018075825732946e+07
3.452919016903808117e+08
9.441705011565774679e+07
-4.470656112902043015e+07
