1.368398722574001789e+09
4.529928250911483169e+08
-5.670872733987885714e+08
-5.953679673876913786e+08
-5.494391171316901445e+08
-1.295336545316155672e+09
6.799887742200101614e+08
4.948853741866128445e+08
-2.514799647780390084e+08
5.321353013116647005e+08
1.293563316594835371e+08
-1.376042732690943182e+08
9.665792425741401911e+08
-6.357591554650658369e+08
4.946786739751201868e+08
9.492872440138547421e+08
-2.792516848411052823e+08
-4.229260007434404492e+08
6.256304274844384938e+07
8.858247915833024979e+08
3.545044049002441764e+08
-3.079225542365379930e+08
-2.577184127489464283e+08
4.433446254280379415e+07
1.354461428520633221e+09
1.184928256667808771e+09
-9.560826245933896303e+07
1.736855450130083561e+08
-2.941829567383891940e+08
1.616014922910112739e+08
