-4.824463085261169434e+10
-2.955453598316102505e+09
-6.875225441190466309e+10
4.325524852853014374e+10
3.679127371451551056e+10
5.613899294134813690e+10
6.043319388886264038e+10
-3.507738572118161011e+10
-2.973559691402529144e+10
-3.014011054440255737e+10
-3.405686003726019669e+10
4.399422711965274811e+10
-1.673502646096203613e+10
-7.087722933101841927e+09
-4.335049898936476135e+10
-6.046989173138822174e+10
-6.069593095571318817e+10
-1.086212319495089874e+11
2.145347816005446672e+09
-5.777811626830937195e+10
9.037605871671216965e+09
3.079312968505311584e+10
5.167376422550295258e+10
-3.920267537414339447e+10
-1.527414885392308998e+10
7.518457452677392578e+10
-1.224088819286847076e+11
-5.551573038309054565e+10
-7.964777015215239525e+09
-9.484048238550495911e+10
