8.307617079773869629e+11
-2.818447222086583496e+12
6.650775924817534180e+11
5.052324966192312622e+11
-9.551481629570549316e+11
-9.204654611792321777e+11
1.433207352246106873e+11
-5.933127302811463623e+11
-1.481007323861016357e+12
-1.032690397810719360e+12
1.875006446135968262e+12
4.462392789404935303e+11
-9.800069481822972412e+11
-4.412455026177681274e+11
7.468453859718541260e+11
-2.760974141366823242e+12
2.102948145771129608e+10
1.470952466628358887e+12
-8.863928794897062988e+11
7.658731921617360840e+11
6.522372436124487305e+11
8.969514951042640381e+11
2.160936708140209229e+12
-1.207990747109406982e+12
-2.397045417767139893e+11
2.695897096796165466e+11
1.804757498582813232e+12
1.982210450728290771e+12
1.577233661742804260e+11
1.691984553442782898e+11
