-3.902221053796069336e+12
1.576778417194077393e+12
1.742818624686923242e+13
7.910542455724455078e+12
-1.525936840712689648e+13
-2.963629317750153906e+13
-3.790020291486212891e+12
-1.672857879427251367e+13
-1.731780972309339111e+12
8.905018077753023438e+12
1.314468250773776758e+13
-5.273725865692963867e+12
-8.963816363308957031e+12
-1.282170442628687695e+13
7.438994476260521240e+11
1.214107208650718555e+13
1.119906015918965039e+13
1.803201032137687109e+13
1.355874155180565430e+12
1.010637471515518945e+13
1.129046288537869922e+13
-1.852120024652766406e+13
-9.892139354108144531e+12
2.806878318813709766e+13
3.512779960448261230e+12
-1.347769095743928320e+13
-2.378911965125188477e+12
1.116333707619269727e+13
9.925810221156167969e+12
1.767289841033434375e+13
