-6.070888587123166016e+12
9.951313891669968750e+12
4.762856712784218750e+12
1.290255792045405518e+12
-5.691075404232491455e+11
4.247724254593078613e+12
-4.373553407351678223e+12
-8.770353644857621094e+12
-5.431158922855675781e+12
-9.970263463750646484e+12
-1.969595182072186035e+12
8.431405132350057373e+11
-7.294866413915380859e+12
8.036207159027967529e+11
7.118614816435418945e+12
1.031126106897135864e+12
1.075416412117192578e+13
4.815186541898063477e+12
-5.076350658618860352e+12
-1.682813617048276367e+13
7.180128381555654297e+12
2.666184896484021484e+12
-1.040854435236562109e+13
-6.301719007018667969e+12
-3.724088202312422363e+12
-1.223967700873289844e+13
5.500877161000328125e+12
-1.232667251200598828e+13
-2.918767317925917480e+12
-2.709316736126681152e+12
