6.560010888135427500e+14
-1.794225540523589375e+14
3.688225853049231875e+14
-5.917891160502052500e+14
9.184084337265993750e+13
8.400693901990628125e+13
-6.874695383295231250e+14
2.069453871730759375e+14
2.906978113010048750e+14
8.538669646701250000e+13
2.848397042790440000e+14
-5.175747005709023125e+14
2.129266123540871875e+14
5.002694951460372500e+14
2.315673064621719375e+14
2.787355866350106875e+14
4.412710176600553750e+14
8.255317836654257500e+14
1.455980310394804688e+14
1.286765614004508281e+14
-4.774729178941024219e+13
-8.096857474931975000e+13
-3.429421195486012500e+14
-1.700787536975991875e+14
-8.390403025598837500e+13
-1.784542916661345000e+14
1.145080510538094500e+15
3.794958680334803750e+14
1.079347209387708594e+14
2.962803481716673125e+14
