3.871897848745919360e+17
-2.362757621559740416e+18
2.269474705450148096e+18
-1.379994897528967936e+18
-4.568720164217098240e+17
2.171868612195608832e+18
3.065339176145886720e+17
1.357911789667414784e+18
2.327015654521624064e+18
3.261627774749712896e+18
-9.560777312592199680e+17
5.494177710073507200e+17
3.463067465471638400e+17
-3.549256694032632320e+18
5.476146785850208640e+17
9.261482069700633600e+17
-5.947350684034006016e+18
4.116800744074116000e+15
-1.306855483077582336e+18
1.986584141549254144e+18
-1.858976919660878080e+18
2.377868898867391680e+17
1.977136566137157632e+18
-1.202385419571139328e+18
9.720629195211173120e+17
3.156046847520863744e+18
2.623655321088428032e+18
5.925544249426521600e+16
-1.467860596103745920e+17
2.418540468657999360e+18
4.124579244294230528e+18
-1.341856360576950272e+18
1.033908048499714560e+18
-5.801126908375974400e+17
-4.244163331354491520e+17
1.890114271344665088e+18
-2.523321107677361664e+18
7.278321107077660160e+17
-2.484872747695258624e+18
1.480270030524585216e+18
-1.369629415889585408e+18
-1.856770812989729280e+18
1.393720066168207872e+18
-1.589549483088690688e+18
5.550413608462538752e+18
1.034190437769582400e+17
3.198560230089939200e+17
-1.343398367931044864e+18
1.881812343818168576e+18
-1.170477302600258304e+18
