2.654990926881897030e+05
3.651769841522420757e+04
6.655850177409054595e+04
-1.765882928213510604e+04
-5.004121886329384142e+04
-3.167251243002931587e+05
1.539298808551973198e+05
6.865709712933833362e+04
-4.343163164114364918e+04
2.200235795623253216e+05
-6.093721451313031139e+04
-1.074344094946908299e+05
5.270966286319815117e+04
6.126796034237478307e+04
-6.249148066858173843e+04
-7.105148832942899026e+04
-3.216328547702535870e+05
-1.661902789131162281e+05
7.837877070038524107e+04
3.559425195545347524e+05
-2.915607980976994440e+04
2.397214534368438472e+05
8.843809084121676278e+04
1.158933990725055774e+05
1.589224007023779268e+05
4.772628239609596785e+05
-9.209455931715376209e+04
3.236373756996938027e+05
-1.817357624566973827e+05
-1.324123186584369105e+05
