4.557813877585424925e+05
5.119218381953130476e+06
-4.986164789300013334e+06
3.604178008217338007e+06
7.406712963439977728e+06
-3.293632630658153445e+06
-7.795047504929558374e+06
-6.120492651509528048e+06
-8.008412286027658731e+06
-1.228230268544948101e+07
9.316863692742260173e+06
-4.407698896073871292e+06
4.428766851360835135e+06
1.719121320919915289e+07
-7.830610355082206428e+06
-8.254329148904131725e+05
1.925715374041435495e+07
6.281886209284025244e+06
5.268853069230479188e+06
-8.251045788557630964e+06
1.004573485602114350e+07
-2.731031841115702875e+06
-5.792011288735780865e+06
-4.870370269728349522e+06
-3.190767485746084247e+06
-8.036495508912535384e+06
-1.242298855043975450e+07
2.727549035431019031e+06
-5.164083136349592358e+06
-3.034676816261358559e+06
-1.108419249753433838e+07
4.302262592314237729e+06
-6.526008032551617362e+06
6.942528455584050156e+06
9.444812471761399880e+06
-5.179752260145790875e+06
1.194891145415041037e+07
-8.332722392529964447e+06
6.304614379126291722e+06
-1.444333806701753847e+07
-4.495075352152552805e+05
5.138846993629441597e+06
3.057860455164292827e+06
6.481311339216776192e+06
-1.151128337117876112e+07
-4.384179094062810764e+06
5.832975341108521447e+06
9.320551543364463374e+06
-2.808538210101561155e+06
-1.654995158979142318e+06
