1.015431788057685457e+07
-2.708898336625235528e+07
4.011370327741384506e+07
-3.569292686971799284e+07
-4.619057755785971880e+07
6.694002752333372831e+07
1.904842331933077425e+06
5.556579106833437085e+07
-4.868965417231988162e+06
1.234985643386204392e+08
-1.542345594678127579e+07
3.307002540491443872e+07
-3.286557858344405890e+07
-5.575055074916687608e+07
-1.681155485583347501e+06
3.329783642129294109e+06
-1.748949925723274946e+08
9.130640888899968937e+06
-5.829129442141976953e+07
1.104472175308769941e+08
-6.859204907533654571e+07
-6.974066595926180482e+07
4.036682808400990069e+07
-6.192765660951443762e+07
1.172856535655293986e+07
1.126327719744826853e+07
-4.126887558241292369e+06
2.059803036239765212e+07
-3.978515280836015940e+07
8.495234504851558805e+07
5.158759848997769505e+07
1.981002919787838683e+07
3.873519776582913846e+07
-2.019571376279141381e+07
2.887598691555458680e+07
6.803245805379992723e+07
-2.315060338094711769e+06
-2.580332544290580601e+07
-4.952971925532205403e+07
-4.249637956072264910e+07
-5.088804832456223667e+07
-6.536229691416593641e+07
4.990935863678735495e+07
-4.272798913835807890e+07
1.144371827710100412e+08
-1.553056980716627836e+07
8.035719149665251374e+07
-6.597269729293023795e+07
2.427715120075845718e+07
-1.365050659780137241e+07
