[[  4.24468691e-01  -8.52208921e-02   9.70917857e-01   5.60013969e-01
   -3.13232002e-01   4.07804714e-01   5.37615232e-01   2.88430268e+00
    4.07008271e-01  -8.14614052e-01  -3.45071021e-01   1.67757333e+00
   -1.86966791e-01  -1.57340928e+00   8.71224430e-01   1.67816544e+00
   -1.09325956e+00   2.99289742e-01   1.25769138e+00  -7.74310516e-01
   -2.48029267e-01  -4.38050428e-01  -4.23353494e-01  -3.15594410e-01
    1.21147285e+00  -8.14813677e-01  -6.07458055e-02  -1.12517713e+00
    4.99569183e-01   1.33685862e+00]
 [ -1.21189790e-01  -5.61146879e-01   1.92603434e-01   6.51888821e-01
   -2.79594810e+00  -1.47986442e-01  -8.60743810e-01   1.08394751e+00
   -5.77306135e-02  -6.66525227e-01   1.26278535e+00   1.01257237e+00
    4.41033884e-01   1.18974586e+00  -2.53601793e-01   1.30853554e+00
    1.41529106e-01  -1.90876488e+00   9.23910148e-01  -6.65879373e-01
   -1.26878723e+00  -5.12290639e-01   1.43453168e+00   4.41101691e-01
    1.21524308e+00   1.20262379e+00  -3.74052922e-01  -3.39705423e-01
   -7.34207935e-01  -1.39893628e+00]
 [ -2.47645914e-01   9.25409942e-01   1.03130375e+00  -4.49133797e-02
    3.29127399e-01   1.10877408e+00  -9.34327241e-01  -1.22212124e-01
    6.22866312e-01   1.06616719e+00  -1.86312602e+00   9.86206450e-01
    1.23451833e+00  -1.49732076e-01  -3.71398102e-01  -1.04193986e+00
   -1.10288130e-01   1.31233023e+00  -7.16141294e-01   1.75977616e-01
    1.29400326e-01   1.32457941e+00   9.02467810e-01   2.50555919e-01
    1.17813503e+00  -3.34528194e-03   6.07225620e-02   8.62023411e-01
   -8.71308591e-01   2.91004552e-01]
 [  2.87979510e+00  -2.66427805e-01  -4.49361005e-01   6.72067427e-01
    3.46944440e-01   6.46515085e-01  -1.42006534e+00   5.40975316e-01
   -6.48959304e-01  -3.28050303e-02   2.78699247e+00  -9.94432081e-01
   -2.04866140e+00   5.54991258e-01   2.87595550e-01  -1.02017183e+00
   -7.59042698e-01  -3.71804511e-01   8.84915670e-02   2.52279959e+00
   -9.45359637e-01  -4.48163366e-01   1.52747739e+00  -1.49077787e-01
    2.30025746e+00  -2.93586144e-01   1.46269781e+00  -8.42766712e-01
   -4.25039836e-01  -2.15508777e+00]
 [  5.39515396e-01  -1.82594015e-01  -8.27725453e-01   2.18106352e-01
   -1.32082347e+00  -4.63083986e-02   1.03131936e+00  -1.14985332e-01
   -1.69084493e+00  -3.86268785e-01   9.46772809e-01   6.34763857e-01
   -5.13167289e-01   8.27467493e-01   4.67449903e-01   3.57481872e-01
    7.63148530e-01  -1.09385479e+00   5.18248107e-01  -2.05499749e+00
    9.50134108e-01   6.41152230e-01  -2.28491458e+00   1.09425011e-01
   -2.02885040e-01  -3.50493495e-01  -4.35819002e-01  -1.01636923e+00
    2.64830132e-01  -2.16982025e-01]
 [  2.20936321e+00   1.10342079e+00  -9.71313724e-01  -9.77480181e-01
   -6.42735798e-01   2.82401689e-02  -1.93245261e+00   7.37654872e-02
   -9.64518642e-01  -1.05181413e-01  -5.72386900e-02   2.37545829e-01
   -1.68671128e+00  -1.45346093e+00  -1.55768821e+00  -4.02545349e-01
    7.35007521e-01  -4.86481733e-01  -5.91345942e-01   8.63936447e-01
    1.91946204e-01  -1.54352928e+00   1.99012895e+00   2.20095110e-01
    1.22666681e-01   4.18669901e-01  -1.58526140e+00   4.95872767e-01
    6.18585417e-01  -2.29461878e-01]
 [ -6.88751530e-01  -8.42474117e-01  -7.33810713e-01  -2.00679947e+00
    1.05526357e+00  -1.62035945e+00  -5.99869808e-01  -2.12852917e-01
    1.09789911e+00   1.20240890e+00  -1.53619010e-02  -5.02192161e-01
    1.59442123e+00  -4.94147304e-01  -2.16494662e-01   6.91260697e-01
    5.38052265e-01   8.39775844e-01  -3.29979526e-01  -1.42826980e+00
   -1.45195186e+00  -2.35266777e+00   3.23020096e-01  -2.49193665e+00
    1.40471910e+00   5.79846076e-01   8.04421247e-01   3.59824823e-01
   -9.34239857e-01  -2.15424347e+00]
 [  2.52368440e-01  -7.41684684e-02   1.58295141e+00   4.47444249e-01
    9.41245775e-01   1.45753743e+00  -1.55867517e+00  -4.28992143e-01
   -3.19324610e-01  -2.13629953e-01  -1.13774591e-02   1.74419634e+00
   -1.26114496e+00   1.62387227e+00   2.51930129e-01   1.54875020e+00
    1.64827092e+00  -4.56578299e-01   4.07726642e-01   2.21640183e+00
    1.44435387e+00  -1.95375635e+00   1.40673894e+00   7.84546467e-01
    5.33581371e-01  -9.62137506e-01  -1.65698894e+00   4.90442556e-01
   -6.81607339e-01   3.64196334e-02]
 [ -5.47000693e-01  -8.49326545e-01   3.42341472e-01   2.54275547e-01
    1.53872978e+00   1.39297759e+00   1.06027043e+00   6.80866927e-01
    1.16051417e+00   9.49077569e-01   2.71711865e-01  -9.62385773e-01
   -1.69409389e+00  -8.10291349e-01  -3.45188660e-01   4.51819297e-01
    1.74687605e+00  -1.57665447e+00   7.30119094e-02   1.51326235e+00
    4.94854333e-01  -3.11235052e-01  -2.54482144e-01  -1.05832227e+00
   -1.44145616e+00   3.26163637e-01  -7.74646137e-01   1.36896056e+00
   -1.40763200e+00   3.42509004e-01]
 [  9.16171866e-01  -4.40834450e-01   1.71384062e+00  -2.17840131e-03
    1.68496736e-02   1.32741306e+00   4.39119613e-01   1.06751323e+00
    9.23603560e-01   7.51731598e-01   1.22013071e+00  -5.53231027e-01
   -7.59376790e-01   4.96495459e-01   1.14871183e+00  -6.88307117e-01
    5.50366549e-01  -1.14654680e-01   1.07627650e+00   7.78994373e-01
   -1.42860779e-01  -1.39733650e+00  -1.61197866e-01  -9.79352027e-04
   -4.31645930e-01  -1.61261648e+00  -7.10069164e-01   9.78705617e-01
    2.20056760e+00  -1.48462211e+00]
 [ -3.79597439e-02   1.25505089e+00  -9.16004091e-01   8.17433826e-02
   -3.22155087e-01  -3.20631577e-01   4.32953314e-01   1.33651976e+00
   -1.08617230e+00  -6.87907267e-01   6.65792575e-01  -1.31732554e+00
    5.69618089e-02  -1.10452679e+00  -1.13738364e+00  -1.36048458e+00
    1.30041450e+00  -5.96953034e-01  -1.09201622e+00   4.70055541e-02
    3.15904563e-01   2.86943052e-01   1.16444137e+00   1.11409362e+00
   -4.02436098e-01   4.63384663e-01  -1.00760478e+00   1.20342575e+00
   -1.55005628e+00   1.98743051e-01]
 [  1.17994486e+00   4.34011882e-01  -2.82154529e-01  -6.23796686e-01
   -9.12214759e-01  -1.03911587e-01  -3.04278371e-01  -9.39259791e-01
   -8.97527358e-01  -8.01399476e-01   6.64718190e-01  -1.35053834e+00
    2.28163256e-01  -1.13685831e+00  -1.71796423e-01   7.86551107e-01
    1.44442184e-01   1.71531317e-01   9.75121603e-01   4.47787470e-01
   -2.81269084e-02   7.17799269e-01   3.47571861e-01  -3.78650510e-02
   -1.30077501e+00   5.20973067e-01  -4.71077920e-01   2.76319078e+00
    3.93707127e-01   9.15001822e-02]
 [ -1.42484183e+00   1.02127853e+00   1.05454145e+00   5.13691084e-01
   -1.58883104e+00   9.25065699e-01   1.47268814e+00   1.52337524e+00
   -1.29583098e+00   1.26707453e+00  -3.36941137e-02  -2.76130175e-01
    7.60373476e-01  -5.61002077e-01   8.37131677e-01  -3.40233792e-01
   -4.08097099e-01   6.53335041e-01  -8.69866720e-01   3.91495976e-01
   -4.25253461e-01  -9.30683493e-01  -8.54316659e-02  -4.36358413e-01
    5.76629869e-01   7.21901562e-01  -1.05476369e+00   3.61798346e-01
    2.29383389e-02   7.07915872e-01]
 [ -1.80466087e-01   3.03480734e-01  -7.24076797e-01  -1.62991877e+00
    1.28897427e-02   1.43438053e+00  -2.63308956e-01   1.56535387e+00
   -4.89560954e-01  -1.24224931e+00  -1.26441864e+00  -6.60540091e-01
    7.26150840e-01   1.00261605e+00  -1.77450105e+00  -2.02554178e+00
   -4.96138980e-01  -4.80675420e-01   2.19599858e-01   1.06719629e+00
   -1.66978959e+00   3.62187376e-01   4.44453791e-01   4.46935394e-01
    1.42120670e+00   3.77155562e-01   1.59487591e+00  -5.42380997e-01
   -1.02611851e+00   8.49849551e-01]
 [  1.43143333e+00  -1.46302074e+00  -9.81400191e-01  -1.41345451e+00
   -9.89759849e-01  -4.46044060e-01   3.25693430e-01   1.08183173e+00
    6.57267960e-02  -1.59762561e+00   1.24750032e+00   6.99366406e-01
    8.17241913e-01   5.69437022e-01  -1.39069904e+00  -2.24982391e+00
    1.12826798e+00  -1.27963787e-01  -1.19979447e+00  -1.26125598e-01
   -1.05071285e+00   1.89312417e+00  -2.10839468e+00   6.60790558e-02
   -7.60966935e-04   1.44364481e+00  -8.09903102e-01   7.91426006e-01
   -1.78713949e+00   7.62544839e-01]
 [  1.56831802e+00   1.07866553e+00   7.51549065e-01   3.86157377e-01
   -2.47828203e-01  -8.28661713e-01  -1.31979660e+00   2.05112042e-01
   -1.32548661e+00  -7.46606854e-01  -2.22045479e+00   1.11231024e+00
   -3.38266757e-01  -3.81677213e-01   1.23670070e-02  -5.48221890e-01
   -7.94557413e-01  -4.64309828e-02   8.48968829e-01   1.24625998e+00
   -1.32810979e-01  -9.39666779e-02  -1.84204426e+00  -8.80159058e-01
    8.13549009e-02  -4.05426548e-01  -9.94293974e-02  -4.28650488e-02
    7.05596993e-01   4.24424400e-01]
 [ -2.36950680e+00  -1.09887681e-01  -1.08563064e+00   1.01942601e+00
   -3.46936035e-01   4.00906899e-01   3.81574095e-01   4.14922859e-01
   -1.02330777e+00   2.46608255e-01   1.14951509e+00   1.80278984e+00
   -9.01777558e-02   1.07871508e+00   5.59866030e-01   1.05372140e+00
    8.67433315e-01   7.02399531e-02  -1.03144142e+00  -3.65882334e-01
   -3.67577951e-01   1.71570535e+00   2.28676742e+00   3.97607816e-01
   -1.09080741e+00  -4.85183143e-01  -1.21887075e+00   3.04097159e-01
    8.18949485e-01  -8.16971639e-01]
 [  7.45182206e-01   5.07058508e-03   3.39307036e-02  -2.39332178e+00
   -6.36370479e-01  -5.90401938e-01  -7.27387674e-01  -9.96249517e-01
   -1.35727170e-03  -9.91122130e-01  -7.53089620e-01   2.32503449e-01
   -4.12470625e-01  -2.15500738e-02  -1.18163066e-01  -1.84113417e+00
    5.73789647e-01  -4.95620436e-01   8.33660877e-02  -1.47777073e+00
    5.62174959e-01  -8.45180908e-01  -9.36729148e-01  -3.80509825e-02
   -1.68616190e-02  -2.24418369e+00  -2.61535947e-01  -2.31800803e-01
    2.81188262e-01   1.94941860e+00]
 [  5.15090820e-01  -1.22588942e-01   5.58182639e-01  -7.82937890e-01
    6.57782461e-01  -2.16519262e-01  -3.06023262e-01  -9.62761774e-01
   -8.34491085e-01  -4.33706895e-01   2.37112677e+00  -7.52504104e-01
   -1.04664279e+00  -1.71996663e-01   3.04361448e-01   5.01664209e-01
   -9.61191779e-02   3.30326945e-02   1.69291008e+00  -2.46342977e-01
    1.38794609e-01  -1.56081578e-01  -7.63056645e-01  -1.00368464e+00
   -1.11044538e+00  -6.01698817e-01  -4.11919459e-01  -7.51454837e-02
    9.56375104e-01   7.71463598e-01]
 [ -5.15380978e-02  -2.78552569e+00   1.19310881e-01   3.32090385e-01
   -1.08475706e+00   3.57859422e-01   2.74021083e-01  -9.46396091e-01
    1.27166037e-01   4.52811068e-01  -3.65434187e-01   2.30374256e+00
   -1.13159143e-01  -2.44147685e+00  -1.69499362e-01   5.58811525e-01
    5.55893610e-01   4.76515127e-01  -1.05819620e+00   8.08042208e-01
    8.95894140e-01   1.06363644e+00  -1.75048449e+00  -8.47552580e-01
   -2.39665173e-01   6.40430124e-01   2.03114647e-01   9.05813708e-01
   -2.23652613e+00  -3.41064907e-01]
 [  8.00996211e-01  -2.79508493e-01  -4.48630306e-02  -3.47578154e-01
   -9.13514971e-01  -1.38542887e+00   5.02287701e-01  -3.17369786e-01
   -1.72493821e-01   7.56972817e-01  -2.41131815e+00  -1.53091911e+00
    4.14995860e-01   7.32408374e-01   5.47687329e-02   1.33258388e-02
   -2.73488498e-01  -6.31163499e-01  -6.58386900e-01   5.63850360e-02
    1.32604859e+00  -1.16526036e+00  -4.75565570e-01   1.30984914e-01
    9.16363853e-01   1.95294500e+00   2.33979546e-01  -3.35358419e-01
   -6.41901302e-01   8.05430685e-01]
 [ -2.63015371e+00   5.32179488e-01   3.44046770e-01  -8.31025107e-01
    3.98499124e-01  -6.08558496e-01  -6.82415549e-01  -2.08504377e-01
   -8.28218460e-01  -1.19941201e+00   1.64380262e+00   2.03947108e+00
   -8.08882651e-01   5.43897956e-02  -6.42165876e-01  -1.13182863e-01
    7.05231540e-01   1.20367429e+00   1.74969697e+00   2.30216509e+00
    3.71939207e-01  -1.09585291e+00  -4.60479529e-01   5.49483747e-01
    7.36414289e-01   2.68268196e+00  -1.05931959e+00  -1.26244608e+00
   -5.67753387e-01  -1.29798803e+00]
 [ -6.49356727e-01  -4.91991252e-01   1.62412278e-02  -1.85134446e+00
   -1.18569663e+00   1.58895310e+00  -1.22296742e+00   9.37544395e-01
    1.63797626e+00   2.42245249e-02   2.30274102e-02  -1.72634711e+00
    2.55673496e-03   7.23760703e-01   1.10508787e+00  -2.67505368e-01
    1.40678915e+00  -6.16270894e-01   5.88153287e-01   3.26193558e-01
    2.20171879e-01  -5.27390460e-01  -1.09049155e-01   2.62193272e-01
   -1.41954023e+00   1.91128217e-01  -9.50574428e-01   1.01992549e+00
    1.27805983e+00   8.43577603e-01]
 [  1.14815354e+00  -7.53247280e-01  -1.29559885e+00   1.09436241e+00
    7.88493695e-01   6.75515660e-01   4.70346665e-02  -1.21024110e-03
    1.70612352e-01  -3.64576319e-01   4.71567246e-01   2.19832600e+00
    3.39187472e-01  -6.86228241e-01  -6.73435298e-01   1.48885339e-02
    6.96332414e-01   1.72418732e+00   1.42096957e+00  -7.75390597e-02
    7.73329477e-02   9.30811922e-01  -2.57422878e-01  -1.53215348e+00
   -3.76263302e-02   1.55031950e-01   1.94465923e+00   2.59580293e+00
   -2.42688791e-01   7.27839082e-01]
 [ -5.67564707e-01   2.42734159e-01   6.94621091e-02   2.96779705e-01
   -1.06767554e+00   2.72084478e+00   9.31909035e-01   3.28186538e-01
    8.24909581e-01   1.38998192e-01   2.12134489e-01  -1.77891820e+00
    8.21417630e-01   6.92173520e-01  -9.46833103e-01  -5.92333287e-02
    2.17977058e-01   3.30863025e-01  -9.89283552e-01   6.73711501e-02
    7.19910010e-01  -6.35424144e-01   2.69690967e-01  -1.50185124e-01
    8.04703559e-01   3.95602991e-01   1.14447597e-01  -3.96092060e-01
   -7.28217135e-01  -1.56410332e+00]
 [  5.16730764e-01  -1.85187791e+00   1.97612149e-01  -5.14203411e-02
   -1.04703179e+00   1.66176199e-01  -2.27163590e-02  -2.88207899e-01
   -7.04200420e-01  -7.33521611e-01   1.05125280e+00   2.43382386e-01
    1.64741203e+00   1.97055334e+00   1.45991670e+00  -3.46086665e-02
   -6.09445550e-01   3.97475003e-01   7.33497430e-01   1.48343099e+00
   -5.38051731e-01  -1.69920391e-01  -1.94643442e+00   1.60908249e-01
   -5.00891982e-01  -1.12589650e+00  -8.74913666e-01   3.24368217e-01
   -2.63483627e+00  -7.61922265e-01]
 [  6.55332454e-01   1.14117359e+00   9.61720538e-01  -3.13167583e-01
    7.09077753e-01   7.00558851e-01   1.49211181e-02  -3.29580746e-01
    2.11947155e-01  -5.28366290e-01  -3.49490469e-01  -4.26985735e-01
   -2.03747080e-01  -1.04920658e+00  -2.10220289e-01   5.85587797e-01
    1.50597614e+00   9.21482946e-01  -2.93404128e-01   1.86591671e+00
   -7.31335804e-01  -8.04493779e-01   1.11369465e+00   1.60244130e+00
   -3.17467568e-01  -1.21885229e-02   8.27765638e-01   2.15209751e-01
    3.73748695e-01  -2.88296507e-01]
 [  9.86431408e-02  -6.19245734e-01  -6.36592722e-01   2.56551366e-01
   -1.13366579e+00   2.15335549e-01  -2.41655420e-01   1.68811959e+00
    6.59466019e-01   6.67712186e-01  -3.70929480e-01   1.33959751e+00
    1.33293407e+00   1.05655084e+00  -2.73499937e-01   1.63011275e+00
    1.33456587e+00   6.89944796e-01   6.85231560e-01   7.79684740e-01
   -8.11961232e-01   1.33289055e-01   4.34208637e-01   1.42798415e+00
    4.82659665e-01   1.20852556e+00  -9.67896051e-01  -3.95693304e-01
    8.99735888e-01  -4.25380289e-01]
 [  8.17961035e-01  -1.76168408e+00   5.00686060e-01   3.02847251e-01
    7.80248205e-01   2.11389599e+00  -1.09900559e+00   8.50791974e-01
    2.37711498e+00  -3.10129255e-01  -4.79229170e-01  -6.99377010e-02
    5.86713253e-02   8.87180101e-01   3.49662888e-01   1.94019065e-01
   -7.05058254e-01  -6.38757575e-01   3.58547285e-01   8.54510686e-01
    9.68827606e-01   1.58433719e+00   2.99472355e-01  -1.29032438e-02
    1.23864286e+00   6.08475366e-01   2.48012928e-01  -5.95428333e-01
   -1.38485649e+00  -7.26330663e-02]
 [  2.56525531e-01  -9.75117721e-02   4.00701340e-01  -2.68094718e-01
   -1.48587538e+00  -4.14808459e-01   8.43617067e-01  -4.14801352e-01
    1.52334237e+00   6.00861043e-01   4.64997999e-01  -4.08072260e-01
    2.15860097e-01  -5.59449473e-01   4.84050536e-01   9.02970333e-01
   -1.56272729e+00   7.39361119e-02  -4.60481866e-01   1.91461830e+00
    5.55226437e-01  -1.17230409e-01  -6.14533272e-01  -6.96278291e-01
   -6.35210484e-03  -4.50913606e-01  -7.16499550e-01  -1.72485139e+00
   -1.33526650e+00  -4.67470602e-01]]
