1.058178718087472436e+00
3.179321107621490561e-01
3.659755911763445391e-01
8.038966699424782147e-01
2.292422968080206402e+00
-2.387146770596233480e+00
1.068115906395991965e+00
-6.889528531898120312e-01
-1.968366139960527450e+00
1.705570617963095836e+00
1.673587859841960818e-02
-8.816575894475080499e-01
-1.344745738194416118e+00
-3.537936556384173592e-01
-6.049776774285718917e-01
-1.575123695643695226e-02
1.645804298051632975e+00
1.432731528764512874e-01
-5.142066228829867969e-01
5.425699054649187891e-01
-1.007390146275099152e+00
-1.794492300797803752e+00
-1.171824187613011159e-01
3.981849048549864212e-01
-1.021186988099208159e+00
-1.269184916278291164e-01
-1.500393061303221531e-01
-1.355317691008098568e-01
2.611206277115203811e+00
2.998975540428425735e+00
-5.452448304282723202e-01
-6.537764169057513897e-01
-8.936523719103448560e-01
1.583108966423033337e+00
-7.654703501503028196e-02
-5.674167671898110443e-01
-9.187871082026037861e-01
5.688068643827433046e-01
-1.897116259916925285e-01
-1.097332576911558055e+00
1.799039090429270793e-01
-9.473693652119953290e-01
1.932352329839201986e-03
-7.710681305187077061e-01
-1.907884767617429034e-01
2.647506133409376350e-01
-4.952062054761603993e-01
-9.086330255107123444e-01
-2.478986378719135075e+00
-6.955350594781612994e-01
