-2.828494116743476868e+09
2.319882953297903061e+10
-8.780282247337671280e+09
-1.204376104178827667e+10
1.522421513634238052e+10
-7.841266105867725372e+09
-3.438832040972755909e+09
-2.205117847984160614e+10
-1.396887725465585232e+09
2.273300453202103806e+10
1.961381099256084824e+10
-4.983011926591874123e+09
6.696091402106941223e+09
-1.549502791817352867e+10
2.064297266559568024e+10
-6.351354578377169609e+09
-3.286091257995187759e+09
9.092516668507934570e+09
6.532641277087503672e+08
-2.307683653356219101e+10
2.012413755482309723e+10
7.135361285086002350e+09
1.977551875256873369e+09
1.233289727947046280e+10
-5.963581637432992935e+09
1.431962091278097153e+10
-7.291710932199959755e+09
8.471837007441734314e+09
-2.165895530751084518e+10
-4.479007156534964561e+09
1.206264329529520798e+10
-2.378599450719593811e+10
-1.484776575701082802e+10
-6.000755769615936279e+09
-6.944802102958137512e+09
-1.423293920931990433e+10
-1.637473583167692184e+10
8.519533639395567894e+09
1.005023603572803879e+10
-3.624928588650549316e+10
1.314259703655559921e+10
1.034420812262126732e+10
-3.914646032838274837e+08
-9.256408826434801102e+09
1.383261967703236103e+09
-9.988574604140504837e+09
4.520158690763515472e+09
-1.984277366907324219e+10
-5.616155711766991615e+09
-7.799540495633872986e+09
