-3.248585850069133759e+10
5.785354827000270081e+10
6.455001030943442345e+09
-1.217071507282721329e+10
6.560195114410715485e+10
1.579004181898917847e+11
2.176198359323790741e+10
2.105462713274028931e+11
1.515818075805431519e+11
-1.233123965351542053e+11
-7.548772268991342163e+10
1.621817360956631303e+08
3.746919167044453430e+10
8.065626643177671814e+10
-1.331885266464743996e+10
-8.802598247230258942e+09
4.505001964247969985e+08
-1.300810262325698242e+11
-2.780578367815853882e+10
1.319865453541363373e+11
-1.269967942790225983e+11
-7.235525196514229774e+09
-1.562829665881618652e+11
-1.836617563374593201e+11
-4.975653794955666351e+10
-1.898643258324340210e+11
3.638958663713092804e+10
-4.824948286260007477e+10
8.882738286416847229e+10
-5.174441580542378235e+10
4.862302944827831268e+10
-4.029359453999854279e+10
-3.116399416369067764e+10
-1.088563670462855072e+11
3.973066391630945587e+10
-1.030422885017611847e+11
-5.939826208246861267e+10
3.608818594226583862e+10
1.859683811691049500e+11
7.080704308081515503e+10
-7.526963362569421387e+10
-1.073464565148560181e+11
3.532982381278011322e+10
-6.087073688750101089e+09
8.389923768759799194e+10
1.159925700344522552e+11
-5.697495760440170288e+09
-4.291190442723245621e+09
-4.416280274742797089e+10
2.004820658156242371e+10
