-1.459503076131280273e+12
-4.189599787687135742e+12
4.089405348416041504e+12
5.739416326469839844e+12
-3.638204030878768555e+12
2.692146945719128418e+12
5.983829518021831055e+11
1.159741708442171094e+13
3.061231336670308105e+12
-7.467219566166475586e+12
-6.282709499623557617e+12
2.047487357406203613e+12
-1.459196261162629883e+12
6.927539873318124023e+12
-6.852511679387938477e+12
2.041591592904155029e+12
-2.297897375091062927e+11
-3.060269033589884277e+12
-1.557796948467824707e+12
6.156862311455780273e+12
-8.622439079394070312e+12
7.929211374804217339e+09
-3.555408982451205078e+12
-5.916715201365010742e+12
1.909451349943538086e+12
-8.382524514885164062e+12
1.931127662836286377e+12
-1.461110700508612793e+12
7.998309013691562500e+12
-1.843654772726459473e+12
-2.264320997657950684e+12
4.774615156629998047e+12
4.973427163867942383e+12
1.004662190679383545e+12
1.591575907127391846e+12
-1.295907627527835938e+12
4.002721332681373047e+12
-6.735815146057167969e+11
6.192481108076261719e+12
9.672005343116755859e+12
-6.654764036300176758e+12
-4.508514109640991211e+12
2.391350875274599121e+12
-3.652766600394929810e+11
1.948310511384375244e+12
4.797011194918382812e+12
-2.922287516217217285e+12
7.368753227031939453e+12
4.926373213755484619e+11
1.798424429296859863e+12
