1.337594940646903906e+13
-1.225428999860449023e+13
8.303943176965457031e+12
-8.990072813770771484e+12
-2.630844328664527344e+13
-5.841492404546850000e+13
-1.189132701699303125e+13
-9.764470403710879688e+13
-2.088649986186574219e+13
5.988540619774660938e+13
4.133677776297452344e+13
3.292820023982727734e+13
1.196916127779425781e+13
-4.331715796201462500e+13
4.624895543285702148e+12
2.346632694309821777e+12
2.915732488486753125e+13
2.950867567551365625e+13
2.076542105534481250e+13
-4.510682415663471094e+13
-8.651234339526887207e+11
7.676968792977273438e+12
5.686133968049346094e+13
6.260408656707505469e+13
1.122252073468243750e+13
3.343313035111165234e+13
-7.280314118856613281e+12
1.919874013792478125e+13
-3.777664848964853125e+13
3.192810663252714844e+13
-1.455599061929777148e+13
1.913719036075011719e+13
1.572621724003864258e+13
4.585223578227064062e+13
-6.319764600546384766e+12
4.880360811273503125e+13
1.781673795863125000e+13
-2.824000415172362793e+12
-1.668486239598749414e+13
-4.829722018771746094e+13
3.560875398804691406e+13
5.819350450475510938e+13
-3.538800760640332812e+13
-5.661436055089499023e+12
-2.165117398735907812e+13
-3.067312990406675781e+13
-2.307330616004762891e+13
1.589574019095002930e+13
-1.676151376935786133e+13
-1.418957754672213086e+13
