1.616830705419625000e+14
1.164445406398428750e+15
-5.633325306111940000e+14
-1.988624228798497750e+15
3.929327594258729375e+14
-2.962276733654472000e+15
-7.573202752886635000e+14
-4.502656235643821000e+15
-1.500349603439990000e+15
2.317430514745682000e+15
2.708201291520374500e+15
2.392090721910098750e+14
5.135071074602318750e+14
-2.760148289035758500e+15
5.639296030112836250e+14
-6.780558608089718750e+14
6.343808772047571250e+14
1.536459599920716750e+15
4.106956370130167188e+13
-1.779076338955762250e+15
2.313137813086734000e+15
-2.622872532056787812e+14
2.844918464448385000e+15
2.633873067981765000e+15
-3.751218273121180000e+14
2.520031869143188000e+15
-9.321692309633168750e+13
5.924572524513901250e+14
-2.286462257773539500e+15
1.270091836430518000e+15
3.513429033435896250e+14
-1.039360034432370875e+15
-1.032810794468279500e+15
9.816447364068472500e+14
-7.051650146706758750e+14
2.083377049400549750e+15
-5.013427162869085625e+14
1.185295989827824609e+13
-1.445695610105905500e+15
-2.950211145885341000e+15
2.798494376381313500e+15
2.751072800400245500e+15
-2.046310320023003750e+15
-2.275434203733963438e+14
-4.968572915430101875e+14
-2.454393999683801000e+15
3.087216901365832520e+11
-1.596502859149722500e+15
-8.620215718738676250e+14
-1.316891137748257000e+15
