-5.373193472673917000e+15
6.820923741576209000e+15
2.606472147148195500e+15
6.294229052362170000e+15
4.926752083094537000e+15
1.106535711740145800e+16
4.449290529526123000e+15
4.395989065672807200e+16
3.131352883647534500e+15
-2.340842215213596800e+16
-1.893305504195553600e+16
-4.416160643111585000e+15
-6.402674420497229000e+15
2.396207531929986000e+16
-1.273997972056277800e+16
-2.772983394774114500e+15
-1.351910837868793400e+16
-8.225549375110784000e+15
-4.559931690561278000e+15
1.653270043751531400e+16
-1.757166535062507250e+15
-4.011410331220773000e+15
-1.072158947452207600e+16
-1.606059489980921600e+16
1.592498187733620500e+15
-1.620396034021536200e+16
-5.413665555176325625e+14
-7.918789814663993000e+15
1.635321391724167400e+16
-8.013662626255217000e+15
-1.295760412271588000e+15
-4.754938178024005000e+15
-6.629572333136159000e+15
-1.047274889139551800e+16
6.079915135170926000e+15
-1.838244633437263200e+16
1.005381927187114500e+15
7.838414321427986000e+15
2.978204864640449000e+15
2.378030723788353200e+16
-1.157212060257880400e+16
-2.629077646124056000e+16
1.625272104671742800e+16
8.187057778886567500e+14
7.212577740921328125e+13
9.484906573467696000e+15
7.642338102692743000e+15
-4.193017774085315500e+15
1.377127280079549000e+16
4.789057538778941000e+15
