5.951566323392684000e+15
6.923658405044108000e+16
-3.215578571235652400e+16
-1.252450523936034400e+17
3.829221323142140000e+16
-1.134096155415363200e+17
-5.078014771233816800e+16
-2.752274205468160960e+17
-5.468070799296944000e+15
1.435919027404375360e+17
1.499070970392938880e+17
8.001828172924717000e+15
6.298299230647906400e+16
-1.798468428649238080e+17
9.034152496126780800e+16
-1.876783509574811000e+15
5.485181423725664800e+16
6.955869482916334400e+16
1.782413229974095600e+16
-1.125485401817212960e+17
6.064114832631522400e+16
1.575480821673016200e+16
8.783488429277036800e+16
1.229291185078184640e+17
-3.825146947865966400e+16
1.204481902831624960e+17
-1.277538727680329200e+16
6.188044940255320000e+16
-1.311580869978901120e+17
3.476171267401504800e+16
3.064044848834050400e+16
-6.796635298876524800e+16
-5.161028488212284800e+16
2.895365808166412400e+16
-4.101169700020553600e+16
8.142292610078420800e+16
-6.243903823355935200e+16
-1.345657865870658000e+16
1.230796901932779800e+16
-2.231134271955934720e+17
1.222443878792638080e+17
1.755297571780002880e+17
-1.164117269694966560e+17
-2.837593081497384400e+16
1.062310538842469400e+16
-1.029807660250605920e+17
-8.735202540925391000e+15
-6.167338283935740000e+16
-8.840290278368494400e+16
-6.904277532967860800e+16
