-1.645216560743207879e+00
-6.687339587441990529e-01
5.502873102367533686e-01
1.119796592889207298e-01
1.328989377262474125e+00
5.990500391027303584e-01
1.457934974476572110e-01
9.116646547694914338e-01
1.380682294009321909e-01
-4.944298476406451814e-01
4.455425305785693513e-01
-9.133166682947861936e-01
1.081142414142062913e+00
-1.237113490390336468e+00
-3.196137444391263238e-01
-1.070267111269976867e+00
-5.344630663499512213e-01
1.467883758760331503e+00
-1.213574074018438642e+00
5.473522868981908207e-01
1.697974447582536017e+00
-3.772114022412957901e-01
-1.606312155159496768e+00
1.074325992953272468e+00
-2.738320760738725546e-01
-1.516909992707510035e+00
1.750838913042690737e-01
6.343692261000255517e-01
-6.074828922252145658e-01
-3.958001652991137709e-01
-2.803699676768749982e-01
-5.803288582282041252e-01
6.735555208812233907e-01
-6.734245508219737220e-01
-2.166647160225656510e+00
-4.262254894793260918e-01
1.817024963848948294e-02
3.413837223851485803e-01
-1.408973706093573364e-01
6.829035369870495309e-01
2.155823057990250202e+00
-4.210744184045976946e-01
4.463196370223296988e-02
2.075519150742875851e+00
4.411813843431994231e-01
-7.780047164338314003e-01
1.322589256336648811e+00
2.710308032545155621e-01
1.732754354664140239e-01
2.345201217988134967e+00
