1.423761245215500472e+06
1.244174389993297458e+08
1.908346455126121938e+08
-2.454610756120711267e+08
-4.200990646573444456e+07
-1.028214557331601679e+08
-7.558207491699054837e+07
-3.754211341990693808e+08
1.678765406776628792e+08
1.127545218990472853e+08
-7.089396803422982991e+07
8.970867986290435493e+07
-5.798898669847208261e+08
2.252719480068797618e+07
-7.263694922020880878e+07
1.537351120684390366e+08
-2.114791355403273702e+08
-4.058575240334056020e+08
-3.616017145950701237e+08
3.401754296501658112e+07
1.459807420074855983e+08
-7.563068686668814719e+07
-5.359034112770624459e+07
3.472436943110390306e+08
-1.124041046441569775e+08
-5.451379001972301304e+07
-2.134727880261197686e+08
1.203245586034224778e+08
1.927481877428328395e+08
-2.560116681590552926e+08
-7.985016994941416383e+07
-8.226198632504536211e+07
1.528752424104942679e+08
-1.993060316271637976e+08
-2.978242588133127689e+08
-4.478986575328946859e+07
-1.059614719365691692e+08
1.259575180036210120e+08
-1.557587294540632069e+08
1.540717123827440739e+08
-9.695336706264251471e+07
-1.593024519656643867e+08
-3.369481266289053857e+07
5.590794445706360787e+07
1.678428560887872577e+08
1.075099182886932194e+08
8.017299103717498481e+07
1.951699869240874052e+08
4.843399241578856856e+07
1.556345122591801882e+08
