1.287380380750320107e+08
-3.348187823093347996e+07
1.452497339404975772e+08
2.040833969731999387e+05
-1.183822372328214645e+08
-1.636574471169387698e+08
-1.633286862443363965e+08
6.391242254124989361e+07
2.335292879218507409e+08
-7.794631208380953968e+07
5.877624293147014081e+07
-4.597530899972629547e+07
-1.406790490503205657e+08
-1.871662572525103390e+07
-4.672435649096678197e+07
8.217504553072535992e+07
-4.701675672849418968e+07
2.243081030279560983e+08
-1.888724480063693225e+08
-1.259518165704020858e+08
-1.052289731570953317e+07
1.529311337181027830e+08
-2.636253421522399783e+07
-1.050864622396114916e+08
1.849055444587351382e+08
2.326279600190665200e+07
-7.500836246259915642e+06
-5.131336368456740864e+06
6.289453691393140703e+07
1.379019550265682936e+08
