8.905826406698304415e+08
6.870441651964221001e+08
-6.388316053221338987e+08
-1.077796545159636974e+09
2.790905184497313499e+09
1.686729985546239614e+09
6.358352844847486019e+08
-2.730690957426844835e+08
-3.584236714222843647e+08
-1.044025504245039940e+09
-6.848087892577478886e+08
7.720361336567425728e+08
6.597008474050697088e+08
-8.465789419965854883e+08
-8.440535181044977903e+08
4.206771689832895994e+08
-1.455946927383845329e+09
-5.247402465751472116e+08
3.294270044841921329e+08
-3.470657742618276477e+08
8.841133982248702049e+08
1.877573675552716017e+09
7.849979068068453074e+08
-1.061369540723471165e+09
-1.575333131229241133e+09
-2.836873573079913259e+08
-9.351496798282747269e+08
-3.712775548701857924e+08
-9.885532805764474869e+08
-1.541846945522536516e+09
