-4.644289762916841125e+10
-5.800529265735351562e+10
4.582371002966852570e+10
3.959513944996695709e+10
-4.107817890033140564e+10
2.192839570879014969e+10
1.128437002455484962e+10
1.806838670365346909e+10
4.420599516431369781e+10
-8.492938705447546005e+09
-3.869000865181969452e+10
5.733853173997256279e+09
-1.692146865958905983e+10
4.333133280872514343e+10
-2.373788084722672462e+09
1.047222137920308685e+10
5.062732049493438721e+10
-3.521566894560375977e+10
-9.830699213575109482e+09
3.712982131985358429e+10
-2.901325225917883682e+10
-4.491982345892916107e+10
-2.007755735836591721e+10
-1.375571073606165695e+10
3.965890297031266022e+10
7.183939236680690765e+09
4.336873773218439102e+09
-4.095628546963054180e+09
3.480613318075756073e+10
5.755820589647480774e+10
