3.273467788855326080e+10
6.875539527523710632e+10
-1.722196700144757080e+10
1.445193452682909851e+11
4.323812949451883316e+09
1.073089231725618286e+11
8.071013366037374735e+08
-6.264393080682953644e+10
-1.507331997813795166e+11
5.492256337680492401e+10
4.965664762770873260e+10
-6.208521166183619690e+10
-1.123364052603802032e+11
-6.619951418227285147e+08
1.214356019516238556e+11
-3.146211260981806564e+10
2.669848698772046661e+10
-6.105448495846130371e+09
-1.049101320109708405e+11
7.738863472408936501e+09
1.105842944694579773e+11
-7.336246698162698746e+09
3.509375024994371033e+10
-1.745694928378763914e+09
-5.043847065306598663e+09
1.223100609869449768e+11
-7.064883090029713631e+09
-8.593850354233398438e+10
-2.311387496768468475e+10
-3.038900487420081711e+10
