-2.204933601163846484e+13
4.368049358080159180e+12
9.288461506514775391e+12
-3.010078400116160156e+13
-1.412281604701578711e+13
1.154860573867242188e+13
7.965787003116260742e+12
-1.750271901217527734e+13
3.165613613001158447e+11
-7.972991037440767578e+12
-6.945970466708750977e+12
2.003509025244953125e+12
-1.313897116948874414e+13
-6.384430177647513672e+12
-2.331001447271406250e+12
5.507792629965932617e+12
-4.506489487176711914e+12
-4.764525487630380859e+12
-8.327675954480894531e+12
-3.817495035264414062e+12
1.550304860281541211e+13
5.110029839120800781e+12
5.025042961309949219e+12
7.356205053599741211e+12
-4.467134424707591797e+12
2.920799178265813965e+12
-1.096438769300090625e+13
2.998395824618125977e+12
9.132347025335849609e+12
-7.741711340245157227e+12
9.175382946400148926e+11
-4.487378150644722656e+12
-3.301555012821740234e+12
-2.460603124538592285e+12
-1.455746824433009375e+13
-1.164611552687916211e+13
-1.798177825067009766e+13
9.234212127578208984e+12
-6.459187553398861084e+11
2.240747723085333594e+13
-7.077556900173612061e+11
-1.483720446792196350e+11
-1.078757322064400391e+13
-5.424313240207720703e+12
1.320961946374444141e+13
2.615743688921135254e+12
1.301057054920021094e+13
7.318032076487479492e+12
1.492969641053056152e+12
-2.020865701318199463e+12
