1.045072904689868594e+14
-9.649409097185994873e+11
-9.342310383185593750e+13
1.980747224687788672e+13
-2.848058036639801953e+13
-5.101258747149266406e+13
3.363475813764119141e+13
3.515710215927978125e+13
2.301633816307650000e+13
-1.304838623049384688e+14
-8.962172380910000000e+13
-4.418670646967998438e+13
8.260873053039810938e+13
2.425833482907217578e+13
-3.598766300159477051e+12
-2.896396566206200781e+13
3.233369260720297656e+13
1.014828071384449688e+14
3.093420744567610156e+13
-2.953719025671200195e+12
-3.889054276784105469e+13
-5.961168114109595312e+13
-1.061284876615450391e+13
7.820732174891445312e+13
-3.928958739935662500e+13
-5.067533851875571875e+13
7.494616134255523438e+13
-7.303322532573108398e+12
-3.336198395501063281e+13
1.501990415146658789e+13
-2.392582926531341797e+13
-1.009715972535983594e+14
-2.261277992154209766e+13
-1.142548017260416406e+14
7.869307014256229688e+13
5.295500973764817188e+13
5.101322279493995312e+13
-1.769303998901145938e+14
-7.292193795325070312e+13
-1.414182274735237500e+14
8.892737904240179688e+13
7.129589099477145508e+12
1.361364098543140039e+13
3.755443927324285156e+13
-3.278210016800222168e+12
1.261546016008501094e+14
-3.742698471933544531e+13
-3.505246502915733594e+13
8.138593348205008789e+12
1.296866174913725586e+13
