5.711245644455942969e+13
-3.258580099235936328e+13
5.802039378234513672e+12
7.315528715198075195e+12
-3.932058732358591406e+13
-3.046054962818077344e+13
-1.480357778222788281e+13
1.298583969835132812e+13
1.299960688977426367e+13
5.020498536907176758e+12
1.783694179728821875e+13
-2.611698250784735156e+13
-2.199394842368188281e+13
-5.544660659411433594e+13
-1.902261918775786328e+13
2.756203161338982812e+13
1.439585845800994629e+12
3.727322676250142188e+13
5.333331729889674805e+12
-1.558898439339932031e+13
-1.586619007028956641e+13
3.201199250278444531e+13
-3.739283856494250000e+12
-2.562961133618168750e+13
1.498666600685701367e+13
-7.183040852060256836e+12
-1.159193351310223242e+13
1.639101898927479688e+13
-9.978520197486496094e+12
2.289563668801210938e+13
