-8.266578931900576250e+14
-7.647186925707232500e+14
2.826634293980898500e+15
-1.953652047713738250e+15
-8.909438159406695000e+14
-8.963324951880550000e+14
7.957794585616083000e+15
5.116190354932162000e+15
1.334786814140010000e+15
-3.924175516186929000e+15
-3.988760177575330500e+15
-2.439781637446726500e+15
4.231435983848410000e+15
1.758269327079281875e+14
2.243859964025923750e+14
-2.504541815143302500e+15
2.069871608464191000e+15
1.431192279867202500e+15
3.117732969657154375e+14
4.384453467428589500e+15
3.104269434263646500e+15
3.112385603894150500e+15
6.654816400399329000e+15
6.031976786851287000e+15
4.263845639887491875e+14
1.401927664864302500e+15
6.075771598500306000e+15
-5.976466153660073750e+14
1.484369171857342250e+15
-4.113910823273195000e+15
3.865295098459235500e+15
-5.030848245333677000e+15
-1.802791385372553250e+15
-3.231541474103624000e+15
-9.043881682781186250e+14
1.814374057356649250e+15
3.565646053880480000e+15
-6.068159165101229000e+15
-1.851476941101479375e+14
4.968959557531712000e+15
1.714942372511635000e+15
1.570282285982143750e+15
-2.874324171708275000e+15
-4.420007505570932500e+15
1.914280118268676500e+15
1.343734249311483281e+14
2.829624623395286000e+15
-3.819801137698138000e+15
-4.259456839055234000e+15
-3.143587694387777500e+14
