1.426218479783345600e+17
1.418524913488097440e+17
-7.188140058213318400e+16
1.901545161438671360e+17
-8.361581585636306000e+15
-6.653513517048060000e+15
1.725007410395342400e+17
1.583369472461417600e+17
-2.323327078245956000e+16
-9.156291200338001600e+16
-1.372764988049820960e+17
-2.119562178331114880e+17
1.438271784059082080e+17
6.840093169149900000e+16
6.116346280217775000e+14
-6.152875960242492800e+16
2.185022598739093120e+17
3.147402123275585920e+17
8.089810324378200000e+16
2.397227001949416640e+17
-1.760785757123386560e+17
7.777111079572577600e+16
3.986930922003048320e+17
1.998748707351448320e+17
2.427001564277530240e+17
2.664299386732323520e+17
1.499392097729334720e+17
1.010395020827648160e+17
-2.040427407366994240e+17
1.228486839982864320e+17
3.397590792199952000e+16
-3.562818531044549120e+17
-2.373861195591702720e+17
-2.620482298826071040e+17
1.625095134022928640e+17
4.221653791836163840e+17
3.422249762408167040e+17
-2.692687349675490880e+17
-1.815679647840416640e+17
-2.400672879005663040e+17
1.013218966448167040e+17
9.855219999520710400e+16
8.820799043607945600e+16
2.573262417787328960e+17
-7.104092532215312000e+16
1.523130748550434880e+17
7.854925320424518400e+16
-7.890390217107416000e+16
-1.820243677913492000e+16
8.211120129114232000e+16
