2.212920425947143303e+04
-1.766455829005790292e+05
1.098189140417907183e+05
-2.299083479554290534e+05
-2.883206211317003472e+05
-3.404494935097053531e+05
-1.412972309769170824e+05
-2.462627563603336166e+05
5.179898611367223930e+04
-3.083341113112212042e+04
5.570120866182193276e+04
-5.269813191517201631e+04
-1.391326013425961428e+05
-3.164060241105972818e+04
2.204920920672174834e+05
-2.194734450860751967e+05
-1.674219737940264167e+05
-1.606398237459369411e+05
-3.959863431702824892e+05
1.168157317023658652e+04
8.281856308631315187e+04
-8.932031809763093770e+04
1.299482524750653829e+05
-1.100452700486813992e+05
-1.163092532915423508e+05
-5.428412829663869343e+04
-2.141379732475522324e+05
9.088094414420354587e+04
7.843472336052310129e+04
1.618538863347844926e+04
