2.301567380995463463e+04
9.697195609022656572e+04
1.185816167805477016e+05
-1.062799129984431784e+05
3.056113602667723899e+04
7.939563015418383293e+05
-1.577396531652757258e+05
-8.732357190439963015e+05
6.114480859888010891e+05
-9.494458641033655731e+05
-1.550161703542774776e+05
8.193259259328073822e+05
-1.947366998220420792e+05
-1.920996271779641684e+05
-1.030144442154938704e+06
2.770303901107953861e+05
1.167883009010498412e+06
4.275442192133032950e+05
6.392317232406385010e+05
-4.864539583479335415e+05
-4.879964515703845536e+05
4.572691734367162571e+05
-9.592641439643905032e+05
1.086814789439540327e+05
-1.042735011183093768e+06
8.488161571972417005e+04
9.617243779159387341e+05
3.739830333734645392e+05
-3.731644410073866602e+05
4.655015262613840168e+05
