[[ -2.26382699e+00  -1.04629910e-02  -1.04489051e+00   8.91033668e-01
    3.63398770e-01  -9.50480824e-01  -1.41408231e+00   6.40625979e-01
    3.27296604e+00   1.99171301e-01   3.77647343e-01   1.53443664e-01
    1.59740857e+00   1.65524121e+00   2.59636051e-01  -3.31249246e-01
   -5.91989222e-01  -8.74400100e-01  -6.96910595e-01  -7.43905636e-01
    9.11009057e-03  -3.49410678e-01   1.33902388e-02   1.65977680e-01
   -3.72784405e-01   5.86192009e-01   4.86169221e-02  -1.16201580e+00
    1.07533081e+00  -1.19903502e-01]
 [ -2.36729460e+00  -3.56262448e-01  -1.10009031e-01  -3.50253937e-01
    7.12784144e-01  -5.89541807e-01  -9.87180832e-01   5.17214475e-01
   -1.15751481e+00  -1.00692118e+00  -1.00508059e+00   5.26346782e-01
   -2.67172639e-01   3.57913619e-01  -2.37966727e-01  -3.42681890e-01
   -4.90083224e-01   1.48757000e+00  -3.18144941e-01  -7.00533364e-01
   -1.67147183e+00  -1.70849595e-01  -4.65959919e-01  -1.44114653e+00
   -3.46910296e-01   4.00867533e-01   1.48277197e+00   1.49892114e+00
   -2.40056689e-01  -1.20079887e+00]
 [  3.66776623e-01   5.80289631e-01  -2.35369445e-01   9.37895064e-01
   -4.72819139e-01   5.08383761e-01   5.85793752e-01   2.28439324e-01
   -1.86505292e-02   9.54296290e-01  -1.13965530e+00   7.47013699e-01
    5.81506390e-01   5.32173851e-01   1.75439918e-01   2.41036439e-01
   -9.81196658e-01   1.38342355e-02  -1.24418260e-01   1.01020960e+00
   -6.41337061e-01  -7.87489709e-01   1.68733648e+00  -7.05181904e-01
    6.67655889e-01   4.23813160e-01   1.94428824e-01   4.26912446e-01
   -1.93534371e-01   8.09472429e-01]
 [ -9.97908723e-01  -6.97265891e-01   1.55715354e-01  -1.55767371e+00
   -7.26802306e-01   3.06344962e-01  -2.07454822e-02   7.00386711e-01
   -9.01354308e-01  -1.13759974e+00   1.10288402e+00   1.68843180e-01
    1.20693289e+00  -6.97718037e-01  -6.35473170e-02  -9.25825464e-01
   -7.61250738e-01  -9.88116813e-01  -1.17818234e-01  -1.59452512e+00
   -8.89747514e-01   1.74723122e+00  -2.13556742e+00  -8.17954484e-03
   -9.76293083e-01   4.33673524e-01  -8.60408905e-01   2.45391212e-01
   -7.81264133e-01  -8.03240642e-01]
 [ -5.04714063e-02   5.94682677e-01   4.10690141e-01  -6.73026230e-01
   -8.49256681e-01  -6.30880577e-01   1.92018065e+00  -1.64702557e+00
   -1.80188306e+00  -7.64022116e-01   1.06910270e+00   5.87792485e-01
    4.80255629e-01  -5.44767208e-01   1.85744753e-01   8.73903811e-01
    1.20949214e+00  -6.01866035e-01  -5.39966908e-01   3.07852609e-01
    1.34308910e+00  -1.08900868e+00  -1.43254788e+00   9.56064752e-01
   -1.57720304e+00  -1.16315232e+00   1.59617151e-01  -8.81498536e-01
    1.88266355e+00  -9.61346477e-02]
 [ -1.76137324e+00   1.66043824e+00  -1.30752837e+00   7.73017860e-01
   -6.19549803e-01   2.15306568e-01   1.00006814e+00   1.67709435e+00
   -9.15230904e-01  -1.07342026e+00   2.87237760e-01   1.19855332e+00
   -2.02296573e-01  -6.14963798e-01   8.86030842e-01   8.44608125e-01
   -1.40707691e-01   9.74747363e-01  -5.05538610e-01  -1.39206597e+00
   -6.77565816e-01  -6.76133947e-02   1.80845923e+00  -1.98464289e+00
    6.94197802e-01  -2.49577037e-02   9.70820400e-01  -2.17298005e+00
    2.16033754e+00  -1.69439860e+00]
 [ -4.39018503e-01  -4.14933904e-01   2.50840555e-01  -5.89590516e-01
   -9.94315299e-01   7.63272320e-03  -3.18913180e-01   3.36004607e-01
   -4.62640984e-01  -3.53094627e-01  -7.95442676e-01  -6.27999453e-01
   -8.65204905e-01  -6.71954727e-01   3.01390682e-01   6.54352244e-01
   -5.04819357e-01   1.12036122e-01   8.71776337e-02   5.46880949e-01
    1.29778721e+00  -2.24715772e-01   3.50347198e-01  -3.83858219e-01
    1.00922716e+00   3.25086004e+00   2.92682902e+00  -1.47807171e+00
    7.45520070e-01  -9.97847481e-01]
 [ -1.33299813e-01  -9.07826175e-02   1.33170595e+00  -9.08101753e-01
   -1.13771854e+00  -1.71165065e+00  -1.38746508e+00  -6.84660304e-01
   -3.45698788e-01  -1.15131574e+00   5.39663514e-01  -8.04094965e-01
    1.53089079e-01  -2.34659390e+00  -1.73896747e+00  -8.02930839e-01
   -2.83750222e-01  -6.78717318e-01  -1.62907406e+00   6.15063996e-01
   -4.81049083e-01  -8.75030674e-01  -2.10942828e+00   2.84205609e-01
   -1.19572775e-01   6.91058410e-01   6.65499238e-03   1.16923363e+00
   -1.07639369e-01   7.98023980e-02]
 [  9.87443664e-01   1.18617530e-02   1.40645144e-01   1.71621565e+00
    1.22440858e+00   4.43606307e-01  -1.25313354e+00  -4.49153923e-01
   -2.58375021e-01   7.22105299e-01  -1.18115993e+00  -1.96173542e+00
   -2.45608234e+00   7.21780014e-01  -4.67313954e-01   4.49923453e-02
    1.49726490e+00   4.25386602e-01  -1.69791870e+00  -1.61551822e+00
   -1.17977958e-02   8.27830377e-01  -1.17769438e+00   1.26385193e+00
    7.28804778e-01   1.66260201e-01   1.44808447e-01   3.24753363e-01
   -1.92428458e-02  -9.72853654e-01]
 [ -1.74396472e-01  -4.47129153e-01   1.03950575e+00   1.37696950e+00
   -7.65774255e-01   1.74007965e-01  -2.80949899e-01   7.45556522e-01
   -8.11594202e-01   1.06207800e+00  -2.64683560e+00  -1.17097742e+00
   -8.21028705e-02  -5.55994868e-02   7.72601532e-01  -1.49487608e+00
   -2.38727781e-01  -1.63392556e+00  -1.56654237e-01  -1.87933399e-01
   -1.56604054e+00   5.66898340e-02  -4.18456604e-01  -2.34609511e-01
    6.61488591e-01  -3.96840447e-01  -1.71086989e+00  -1.98258379e-01
    6.30986861e-01  -3.39751162e-01]
 [ -1.78353228e-01  -1.10925093e+00  -1.52435495e+00   4.10463737e-01
    4.90175256e-01  -3.95779092e-01  -9.41153308e-01  -9.33344043e-01
   -1.30349929e-01   2.05199506e+00   1.93035792e-01   1.60406589e+00
   -7.62989399e-01   4.56971283e-01  -9.85329070e-02  -1.75819492e+00
   -1.73054134e+00  -1.17217668e+00   9.94170708e-01   2.63636055e-01
   -8.31437101e-01   6.40436609e-01  -6.04776273e-01   8.86255600e-01
   -1.30067210e+00  -5.26205291e-01   8.44990924e-01  -1.04210648e+00
    1.20027118e+00   1.51052522e+00]
 [ -1.51665849e+00   5.99294873e-01   6.00775217e-02   8.59242726e-02
    2.30404839e-01  -1.72697366e-01   1.16869496e+00   9.59688213e-01
   -7.58943097e-01  -1.03358286e+00   1.90674771e+00  -5.03844019e-01
   -5.84184351e-01  -1.77266286e+00   1.15630699e-01   2.11233231e-01
   -7.75498903e-01   8.43987879e-01  -1.66446492e+00  -9.39074194e-01
   -7.10120977e-01   6.95431913e-01  -6.49854688e-01  -8.37047796e-01
    1.10005022e+00   6.10880608e-01   5.05138179e-01   1.47626886e-01
    1.70566971e+00   4.01197575e-01]
 [ -5.71907849e-02   1.07437744e+00   6.38604354e-01  -6.06752850e-01
   -2.94767932e-01  -1.10866359e+00  -1.10514655e+00   1.07320849e+00
   -2.75216367e-01  -6.01894879e-01  -1.30768044e+00   4.60117154e-01
   -2.09374767e+00   5.41927670e-01   4.87289549e-01   4.11817431e-01
    1.99045809e-01   1.47828013e+00   2.76418074e+00   1.58227876e+00
    1.78356873e+00   1.64769987e-01  -1.05674744e+00   1.51764772e+00
   -8.45617581e-01   1.68134375e+00   6.88511135e-01  -6.72376956e-02
    2.01697132e-01  -9.46404953e-02]
 [  9.15461545e-01  -2.54825851e-01  -1.44168551e+00  -1.80499138e+00
   -3.70732193e-02  -2.08499731e-01   2.97389942e-02   9.60976312e-02
    1.72658062e+00   2.45498281e+00  -1.73495634e+00  -4.46440793e-01
   -4.95378456e-01  -4.08927023e-01  -2.17026935e+00   1.20068857e+00
    1.12353350e+00   1.14099508e+00  -1.85667903e+00   8.27344268e-01
    2.72856909e-01   9.28830870e-01  -1.73783442e+00   6.95823864e-01
    4.58907988e-01   1.24861118e+00  -2.70629739e-01  -3.29306961e-02
    8.06196126e-01   1.51785322e-01]
 [ -1.47028315e+00  -1.89492720e+00   5.74545691e-01   1.70384055e+00
   -4.33251145e-01  -7.98393888e-01   1.74429990e+00   1.67118918e+00
    1.25903436e-01   2.03301956e+00  -1.24900066e+00  -1.28152881e+00
   -6.25633884e-01   1.39413970e+00  -7.55322937e-01   8.06612076e-01
   -1.02254628e+00  -1.01564423e+00  -7.12860209e-01  -6.75791081e-01
   -1.01113940e+00  -5.03962153e-01  -5.25135531e-01  -4.43487103e-01
   -1.95434992e+00   8.18734833e-01   4.90005529e-01  -9.57385923e-01
    1.68066642e-01  -8.95335582e-01]
 [  2.33646194e+00   6.10849250e-02   9.18858700e-01  -8.39202520e-01
   -5.44694633e-01  -4.77252089e-01  -1.70969164e-01   3.93445953e-01
   -7.10559155e-01  -5.19940154e-01   1.39905611e-01  -7.60276316e-01
    6.90360940e-01   4.80910849e-01  -1.94797095e+00   1.44841346e+00
   -5.60863177e-02   1.04181759e+00  -9.75358302e-01  -1.21462685e+00
    3.60906889e-01   7.23779016e-01  -6.00000638e-01   8.52493631e-02
    2.06132695e+00   7.31188211e-01  -1.19706146e-01  -1.82260123e-01
   -8.68014061e-01   1.63946274e-01]
 [ -1.15052504e+00   3.07035051e-01  -8.78266124e-01  -9.71305271e-01
    2.93109051e-01  -1.25628089e+00  -6.87028889e-01   8.21949966e-01
    1.18002146e+00   6.85459744e-01   1.35153488e+00   3.54893709e-01
   -1.02520428e+00  -4.43767423e-01   8.23108866e-01  -7.00857129e-01
    3.13232930e-01   2.45189201e-01   4.64376386e-01   1.10148270e+00
   -6.61239620e-01   5.07255700e-01  -3.66379096e-01  -1.99380877e-04
   -9.64961230e-05  -2.19522371e-01   1.47115984e-01  -1.93073415e+00
    5.47872086e-01   5.33742056e-01]
 [  5.03081558e-02  -1.08115971e+00   1.63728262e-02  -9.26466986e-01
   -6.14304908e-01   6.55640115e-01   4.64582150e-01   7.36426816e-01
    9.41703331e-01   6.59224289e-01  -1.28587705e+00   2.55178494e-01
    1.16631290e+00  -1.25151101e+00   1.73408846e+00   3.61658565e-01
   -4.61895542e-01  -3.16225186e-02  -1.44415867e+00   2.27822334e-01
    1.14005243e-03   4.65729496e-01  -5.02153858e-01  -2.91336778e-02
    1.01886978e+00  -1.25587749e+00   1.22467585e+00   2.66419520e-01
    2.05231809e-01   1.93494505e+00]
 [  1.87858332e-01  -4.52361167e-01   9.56598015e-01  -2.21754301e-01
   -1.92550339e+00   2.74512217e-01   3.30414718e-01   5.09523078e-01
    1.16984316e-01  -1.53014405e-01   1.31434043e-01  -1.58896907e+00
   -3.85479886e-01   1.07926839e-01  -9.33833563e-01  -2.81185300e-01
   -3.19760465e-02   1.09878570e+00   8.36630736e-01  -4.29245307e-01
   -1.08033006e+00   1.24219030e-01   9.19596770e-01  -5.15122341e-01
    4.67268218e-01  -2.67357063e-01   3.31407248e-01  -1.30180389e+00
    1.78316563e+00   1.30302221e+00]
 [ -1.50213217e+00   3.99610146e-01  -4.97029469e-01  -1.08882919e+00
    1.36515796e+00  -9.52736005e-01   1.67630291e-01   1.72435637e+00
    1.92961780e+00  -2.23346484e-02   9.62027214e-01  -1.83566894e-01
   -1.61204770e+00   9.67726294e-01   5.36461191e-01  -6.73741885e-01
    1.49469252e-01  -6.21443994e-02  -1.04317905e+00   7.45678421e-01
   -5.29595436e-04  -5.60490836e-02  -3.51855549e-01   9.44202148e-01
    1.09415477e+00   4.56139779e-01  -9.28978813e-01  -2.10814828e-02
   -1.04095583e+00  -2.00098345e+00]
 [ -1.24107178e-01   7.07375636e-01  -1.94393965e+00  -5.59452613e-01
   -1.02758476e-01  -6.54737033e-01  -1.88092356e-01  -6.54300199e-01
   -9.63133339e-01  -6.96655445e-01   1.47969854e+00  -2.58669536e-01
    1.76361528e+00   1.14896576e+00   1.93673851e-01  -8.58978396e-01
   -2.44321641e+00  -5.83373926e-01  -9.68065836e-01   1.24147421e-01
   -1.32745000e+00   3.57641827e-01   3.69932367e-01  -5.49534399e-01
   -1.41936221e-01  -7.32529314e-01   7.42725940e-01   6.03219548e-01
   -9.47778892e-01   1.00654022e+00]
 [  8.93515797e-01  -3.14069165e-03  -1.32166547e+00  -2.95727132e+00
    1.05994092e+00   5.62903498e-01   1.17134803e-01   6.09381165e-01
   -1.28037490e+00  -5.16827309e-01  -2.29257631e-01  -2.61300763e-02
    3.87595122e-01   4.58880068e-01   1.45916798e-01  -1.03827822e+00
   -7.65752033e-01   8.84264679e-01  -9.40814272e-01   6.66037693e-01
   -2.90752714e-01   5.87976934e-01   4.85986225e-01  -1.83335279e-01
    4.70091725e-01  -7.72517800e-01  -3.17807398e-01  -1.74740218e-01
   -4.92727694e-01   7.93048430e-01]
 [  8.41180009e-01   1.04156151e+00   7.02386964e-01  -1.82197815e+00
   -1.36491711e-01  -2.67559295e+00  -6.26610185e-01   5.07587134e-01
   -1.39870395e+00   5.93103535e-01   1.93401999e-01  -1.75728857e-01
    1.13377509e+00  -5.12728490e-01  -6.06013440e-01  -3.01170206e-01
   -8.91606661e-01  -2.00728904e-02   1.31837846e+00   1.80516550e-01
   -8.60421493e-01   1.48060340e+00  -5.39339782e-01  -1.87548111e+00
   -1.20721137e+00   4.04546346e-01  -1.05018457e-01   6.05876314e-01
    5.19578653e-01  -4.07976397e-01]
 [  1.10108531e+00   2.72978773e-01   1.16787292e+00  -1.46775807e+00
   -1.07968847e+00   1.44647493e+00  -4.18365116e-01  -7.98506618e-01
    2.36374781e-01  -6.35236407e-01   3.30440865e-01   7.92653624e-01
   -1.36281442e-01   1.33928654e+00   2.37550664e+00   1.15939901e+00
   -1.57964141e-01  -3.60395386e-01   1.98369029e+00  -5.85395588e-01
    2.58859548e+00  -1.32132942e-01   7.80902588e-01   1.05437646e+00
    7.19107760e-01  -8.04280741e-01   2.60007046e-01   4.59332999e-01
    6.67014986e-01  -1.08102207e+00]
 [  1.40762684e+00   2.45867526e-01   7.48726794e-01   6.89613708e-01
    7.74589661e-02   2.59148340e-01   8.29300289e-01  -6.20596588e-01
   -6.28804314e-01   3.75447466e-01   2.23474992e+00  -4.85090756e-01
    8.99342726e-01  -6.15543940e-01  -1.81664840e-01   1.27772303e+00
    1.39110678e+00   3.73215754e-01   9.18279793e-01  -1.86987032e+00
    3.52598832e-01   5.01432157e-01   4.92077318e-01   1.72256977e-01
   -6.15507898e-01   1.29520852e+00  -7.15083784e-01  -1.47772738e+00
    5.65599737e-01   6.08369027e-01]
 [ -1.65054675e+00  -8.28146790e-01  -6.53234574e-01  -9.38541041e-01
    1.03041353e+00  -1.18861363e+00  -5.61546802e-01  -6.34459262e-01
    4.06435922e-02  -1.59870716e+00  -5.31189757e-01   5.91506688e-01
    7.31046698e-01  -1.66868959e+00  -4.55982943e-01   7.78399032e-01
    4.73552647e-02  -1.59003634e+00  -1.75838034e+00  -1.37475286e+00
    6.43836032e-01   7.92663314e-02   9.41599247e-01   5.60804100e-02
    4.50057421e-01  -6.82496405e-01   7.41035899e-01  -2.13054850e+00
   -1.34596846e+00  -4.91210711e-01]
 [ -2.03971095e+00   4.62180483e-03  -2.83367587e+00  -1.20771272e+00
   -8.24657731e-01   7.60223155e-01  -2.31209960e-01   3.88842002e-01
   -2.05499289e+00   1.01250813e+00  -7.78413728e-02  -1.73415388e+00
    7.85088290e-01  -6.70061009e-01   3.15630922e-01   1.35006325e+00
    1.03439919e+00  -1.03881642e+00  -6.08420143e-01  -5.42021823e-01
    9.48164437e-01   1.44225959e+00  -1.29684272e+00   5.52400256e-01
   -6.76520763e-01  -3.36559895e-01   1.57115323e-02   3.00812449e-01
    5.51859770e-01  -2.40480414e+00]
 [ -4.43376843e-01   6.26857145e-01   4.00186685e-01   1.79040349e-01
    7.04725202e-02  -2.65911209e+00   1.70076446e-02  -3.62099434e-01
   -2.35724465e-01   7.99488642e-01   2.07910595e-01   4.82966675e-01
    4.77600577e-01   4.68266435e-01  -1.04377255e+00  -1.00334425e+00
   -1.76153776e+00  -2.91090472e-01   8.40156852e-01  -1.22652372e+00
   -1.06117875e+00  -1.02148900e+00   1.72386986e+00  -6.01843073e-01
    3.25047652e-01  -1.90485675e-01   1.08958037e+00  -3.74061752e-01
   -1.34406418e+00  -8.23810515e-01]
 [  7.14058563e-01   4.44915452e-01  -1.08659226e+00   1.16685180e+00
    7.95216001e-01   9.24576543e-01  -6.80781784e-01   3.36659390e-01
    2.08135842e-01   9.87574872e-01   7.54054021e-01   6.14342236e-01
    8.83612914e-01  -1.13527578e+00   1.46796914e+00   3.37085711e-01
    6.04223002e-01   1.72353205e-01   1.19966053e+00   4.22113922e-01
   -5.95882492e-01   3.46396327e-01  -6.66673629e-01  -1.31716974e+00
    4.97459014e-01  -9.14303013e-02  -2.59381416e-01  -1.09973326e+00
   -2.36326027e-01   1.50608452e-01]
 [  5.60899591e-01  -5.88389438e-01   1.40167569e+00  -2.58494856e-01
   -2.87893639e-01   1.11767135e+00  -6.11675102e-01  -9.27713342e-01
    5.98713311e-01  -3.34867955e-01   7.21262801e-01  -7.87264093e-01
   -1.07508665e+00   1.86875818e-01  -2.79976806e-01   4.45401983e-01
   -8.36972528e-01  -1.23867553e+00   1.28082943e+00  -1.47633115e+00
    4.83750683e-01   4.33136230e-01   7.90776825e-01  -2.14771068e+00
    1.84159063e+00   1.21200843e+00   1.36118669e+00   1.17599127e+00
    7.51394368e-01   2.29969371e-01]]
