-1.617338785997403550e+00
-2.419217267178123354e+00
-1.250436013051391404e+00
-1.316347119466974469e+00
-9.069431593661518853e-01
6.084524639592223672e-01
3.088455979997166145e-01
-1.110589054845115692e-01
-8.571818935074043688e-01
8.946704293100204985e-01
4.403179577796951238e-01
4.332619601718841751e-01
-8.206376458647030026e-01
1.253036660933414814e-01
6.090397959942285278e-01
-8.395881478940020459e-01
-1.150266578086678454e-01
-1.031131872698403118e+00
-9.850589479472146026e-01
-7.695488148633547465e-02
2.531377248515415124e-01
1.765498625322673154e-01
2.003139082112021518e-01
-1.477749484444438099e+00
-1.722299093204894493e+00
-3.735233893266385330e-01
-4.185105937558408762e-02
-7.964370879462242536e-01
1.684326246247841663e+00
3.921368444813856380e-01
