4.255797135141630769e+08
-4.908513507658995390e+08
1.941378760596853793e+08
4.420663888546996117e+08
2.913571370743880793e+07
2.289580413642248511e+08
-6.390990977163936943e+07
2.630882141346578002e+08
-7.234319389402365685e+07
-1.882298912178062499e+08
4.242151317180883884e+08
4.907304702526401281e+08
-6.101381782566390038e+08
-2.580188039321037531e+08
-3.440898084165658355e+08
-4.855087023954166770e+08
-2.484174306235519350e+08
1.521572244315493405e+08
4.478985950486202240e+08
-1.068587327897360474e+08
-1.476981378076556921e+08
3.442178139977947474e+08
-1.311703306308792979e+08
7.708862912004011869e+07
-4.735568405046674013e+08
3.181184367321279645e+08
-8.886520484540522099e+08
-1.610473731476165652e+08
-7.551684170386515856e+08
1.639513875646619499e+08
