4.774179020240267515e+08
5.560018687803964615e+09
1.376057781083410740e+09
-3.922578953946570873e+09
1.785118249921533823e+09
-1.865354146191450119e+09
4.651112301292925835e+09
-1.387068038111252308e+09
2.608347154420880318e+09
2.048411627758861542e+09
-1.413458136410216570e+09
-1.805553524219628811e+09
3.404355411826365948e+09
-7.158040666727119684e+08
9.236153340739598274e+08
-1.062547716087600231e+09
6.621376634247415066e+08
-4.425379701650753021e+09
4.829861766487314701e+08
-2.035219222863325834e+09
2.401788036330327034e+09
-9.220308317174222469e+08
7.272144624141310453e+08
-3.649675831620874882e+09
2.009616351294857025e+09
-4.379804366349205017e+09
2.388710880590890884e+09
-1.496967177971794367e+09
-1.135663128699361533e+08
-1.576054442368629694e+09
