1.170369414266634674e+11
2.000415017478886719e+11
-1.364197845774928741e+11
7.630463299719744873e+10
-1.315358022937419319e+10
5.090907998613901520e+10
-1.076532701479372711e+11
1.718476220222441711e+11
3.049075940515439034e+09
1.722426474708840942e+11
1.696037481880355530e+11
1.881396303032176208e+11
-2.224255773415890884e+10
1.003361742791224518e+11
-1.995661730652915649e+11
1.434420354930818787e+11
6.414449329081031036e+10
-1.543209064387977600e+11
-6.820678169101091003e+10
1.670064535059275055e+10
-5.224135542602310944e+10
7.010702789593667603e+10
-4.034300502945924377e+10
4.296885598356254578e+10
2.182028680335811157e+11
-5.571727188430618286e+10
-2.573749577240304565e+11
-5.007545424778050232e+10
-3.567656032062050781e+11
5.086491307821772003e+10
5.583204415491492462e+10
4.570192528843611908e+10
3.020766267637681961e+10
-1.669611313250141296e+11
9.810035783339561462e+09
2.168884365849159241e+11
-3.949560090038394928e+10
1.686598141699076843e+11
2.122740649825138474e+10
6.114953941608552551e+10
-1.352853583720669708e+11
7.028770700116053772e+10
1.190446657793694916e+11
4.713528620475280762e+10
-9.225123509914302063e+10
-3.226041251640878677e+10
1.159226035753020477e+11
-1.667626320749663086e+11
1.721692508474685364e+11
1.548999573882599182e+11
