-8.805583112644593750e+12
4.756968287945151367e+12
9.149741544820078125e+12
3.963190525311892090e+12
-1.507674793081042773e+13
-6.832447780652907227e+12
-5.104964617274441406e+12
-2.589998592229213379e+12
-1.438821402200844531e+13
-9.193235382357199219e+12
7.732374887546108398e+12
-3.904162243043731934e+12
-9.271147828809408203e+12
1.957994616347520312e+13
-3.725678570226113281e+12
-1.139879060423610352e+13
3.876886841468308105e+12
-3.655755504251666992e+12
8.888677091157921875e+12
-3.620676386252179688e+12
-1.253077165209463477e+13
-4.143817097870029785e+12
5.537099803708602539e+12
-3.301183228985414551e+12
-1.395200221483212891e+12
1.970750028283933105e+11
2.868567142887503418e+12
1.130054352771579492e+13
4.556043090107783203e+12
1.066132462753116602e+13
-7.546822025654484375e+12
6.088464216869138672e+12
-4.426634176231464844e+12
-8.534291216431569336e+12
-1.008048167351883398e+13
-4.553216950454575806e+11
8.349836576945848633e+12
-6.708750159653084961e+12
6.629320587713605957e+11
-6.533899846325795746e+10
-6.252101762086302734e+12
5.077909586310431641e+12
-3.889438168619592285e+12
-5.488199723476016602e+12
5.511250634355153320e+12
-1.209053953380250000e+13
-2.664528383944378906e+12
1.770891174042709229e+12
-1.949451828276623535e+12
-8.590302129520343018e+11
