-3.907351667010475586e+12
3.761395916568200195e+12
-1.553069532566989990e+12
-3.518715475635447754e+12
-8.511661755969835205e+11
-2.045495152303338623e+12
-2.520382741931252289e+10
-2.160902556335567139e+12
2.174135270867672424e+11
1.021176269505981201e+12
-3.805723655261292480e+12
-4.067242980800855957e+12
4.686294903330585938e+12
3.307778216326225586e+12
2.621368003302088867e+12
4.569976203962690430e+12
1.796292567316056396e+12
-8.597102353098699951e+11
-5.069055499044905273e+12
1.234016191635132080e+12
1.265049019151996094e+12
-2.730054571322554199e+12
1.911011676689363708e+11
-5.345445438397854614e+11
4.314944207855250000e+12
-2.686135642433651855e+12
8.335862111454996094e+12
1.738432519780881348e+12
6.628467911621286133e+12
-9.362660576780380859e+11
