2.442432645158913000e+15
-2.722874273817114500e+15
-1.801673672287392500e+15
1.496758311908764250e+15
-5.232237228123414000e+15
2.788094378395094000e+15
3.614766400877067500e+15
-8.172073716329821250e+14
-3.546915427678639000e+15
-2.003491354572331250e+15
-6.608577362305393750e+14
-5.571310085345521875e+13
3.360516199655146000e+15
1.121342299267759750e+15
6.129899103594661250e+14
-7.661955854097103750e+14
-4.926522875089699000e+15
1.369997516302176750e+15
7.805579973862837500e+14
-3.476227039515157000e+15
-1.827246078923186500e+15
1.804652470295160000e+15
-9.063319686171430000e+14
2.968712345256827000e+15
-3.728564161218750500e+15
3.839008909515333000e+15
3.883831788933490500e+15
3.955612113960032500e+14
1.769824885615814000e+15
-6.154501459867640625e+13
-4.971053569659768000e+15
-1.204703169000977500e+15
-4.125478398232716000e+15
-8.711562818454195000e+14
2.880678068322327500e+15
-3.668396237461798000e+15
3.613170083988056500e+15
1.645463788688460750e+15
2.230471029767337750e+15
-1.981296572183378750e+15
3.857558104577494000e+15
1.185711316390362188e+14
-3.453412360476045625e+14
1.963662933895838500e+15
3.075375329118758500e+15
5.191474156226932500e+14
7.904954261671392500e+14
-2.589034507335932500e+15
-1.131730555084249500e+15
-2.735000895947195500e+15
