-1.584146523811038200e+16
9.478334442019018000e+15
2.385301267436106800e+16
3.584548409990387500e+15
-1.959943622948156400e+16
-2.143296552978144000e+16
1.760779932889064750e+15
-1.386652472050386400e+16
-4.505249367739644000e+15
-1.772534326388986000e+16
-1.926708582216718500e+15
-4.536269510749849600e+16
-4.275915788059579500e+15
2.826959635506397200e+16
1.928170319909304400e+16
-2.412421912956862800e+16
1.742728385898631400e+16
-7.669929150118580000e+15
4.034961927122318000e+15
1.065175374285302600e+16
-1.412590923267053000e+16
9.670710542530290000e+15
2.297874215751345200e+16
-2.757066633794538400e+16
2.432409837408125600e+16
-6.829684131076525000e+15
5.334499302315639000e+15
4.834060277834600800e+16
1.132384302111943600e+16
9.283245918900758000e+15
4.785984687107312000e+15
-3.256212577028089375e+14
-4.624234063491782000e+15
4.157358386249023000e+15
-3.767834274513941600e+16
-2.065669699556333600e+16
-5.881011980861348000e+15
-9.936964886944842000e+15
-2.478812413274756000e+15
-3.618192621713627000e+15
-1.333419296943683600e+16
3.845051322742215500e+15
1.277248771542587400e+16
-2.329206799381663200e+16
-6.215576995765838000e+15
-3.135858247402410800e+16
-1.442450188543722000e+16
1.218204102090059600e+16
-1.637378139611749200e+16
6.086330687420734000e+15
