2.134261454494684800e+16
7.593775844026118000e+15
-6.097459535739837500e+14
3.097178173753390500e+15
-1.243231509133509600e+16
-1.361559741703656406e+14
1.667722317358737800e+16
6.901430893003881000e+15
3.859524694303581500e+15
-8.337111739206574000e+15
2.671760003370556500e+15
-1.610235865000974000e+16
1.845286580968969000e+15
9.199547297030818000e+15
-1.006334291094765200e+16
-3.695352009568410500e+15
2.620209746872984000e+15
1.257219190609298400e+16
-1.375099752763576200e+16
-4.787939603449637000e+15
5.878053732910145000e+14
-9.810454394681026000e+15
1.138013991255139000e+16
-3.116671496798497500e+15
8.416158615087640000e+15
-1.491646452649955625e+14
1.438726376631755750e+15
-2.827499443513217500e+15
-1.412251397520206800e+16
9.734179587767870000e+15
