3.435121493699181200e+16
-2.349378158451942800e+16
1.846294284694589200e+16
2.573718575315930800e+16
8.569589426566069000e+15
1.773110610029845400e+16
9.210643477968238000e+15
1.668567524375958600e+16
1.147507389682732750e+15
-6.004295706843783000e+15
3.089217956735649600e+16
4.114151981987756800e+16
-4.149763700204296800e+16
-3.298448967027679200e+16
-2.311891600496221200e+16
-3.955873371980029600e+16
-1.872428699860207200e+16
-1.724568423891330250e+15
5.155155960526144800e+16
-1.445958843019793400e+16
-7.424471669561268000e+15
2.804077698348301200e+16
3.172128513589657000e+15
1.859108004725683000e+15
-3.683062983681420000e+16
1.740113622583790200e+16
-7.210441674307153600e+16
-1.977896976480113600e+16
-6.441378087663724000e+16
7.071450143458914000e+15
