-5.252309204071067506e+05
5.234604845410361886e+05
-4.027310438058965956e+05
1.561710700482955144e+05
-1.180203753623083234e+06
-1.398860215863936814e+06
7.680390506195266498e+05
-8.013409491815328365e+05
-1.170651008854783140e+06
-3.523401889049194870e+05
9.657576340715985280e+05
1.621146755024960730e+05
3.186280196131226839e+05
2.189285362230141181e+06
3.684396172749224934e+05
-8.922365492549732153e+04
2.117696122825910279e+05
-1.025920433362146956e+06
-3.061251036712634959e+05
-1.203769924933316070e+05
-1.573780720674048644e+06
6.757495107465818000e+04
4.388805287314922898e+05
-9.612817530822496628e+05
1.685525159091922687e+06
2.181395933280707686e+05
-7.461244227927784668e+05
9.345959897161574336e+05
-7.887455788751484361e+05
6.291998607756427955e+05
-7.079777347164802486e+05
2.285556905763441464e+05
-8.064169132362110540e+05
-1.796332900259821210e+06
3.987005181383183753e+03
-1.929959575463075307e+05
1.538749475515571656e+06
4.993221705062795081e+05
1.168393999529754044e+06
-4.017369687281074002e+05
-7.740951749085014453e+05
-1.680329793855242315e+05
1.707338629551009508e+06
-1.553788594065966783e+06
-8.478989143544270191e+05
-9.203587221164779039e+05
-4.468583786281509092e+05
-1.094246961000110023e+06
7.916787461373372935e+05
-3.435224786526908283e+05
