-1.347593962351235561e+06
1.774148310783332214e+06
-1.072071197705065599e+06
6.374592443434174173e+06
3.814030040481132921e+06
-8.515763725602436811e+06
3.569680823120119050e+06
-4.290815408518667333e+06
-4.296499840258150361e+06
-2.531754133075396530e+06
3.550381514153742697e+06
8.363619975577997044e+06
2.177509800016603840e+05
4.297260485233906657e+06
-8.884283774827027693e+06
2.044223655493723927e+06
1.028560236101803929e+07
-1.396669104229654651e+06
-2.599802707847317681e+06
-3.161123177336059045e+06
-4.888155154208233580e+06
-1.225283182802315243e+07
4.525949144619644620e+06
-9.410249147282972932e+06
7.126305553563507274e+05
-7.672525080325317569e+06
-6.690520616570265032e+06
-4.807143918617295101e+06
5.295433717924959958e+06
8.600779179078459740e+06
-1.735560335663781734e+06
9.281691203297054395e+06
3.803212762934655882e+06
2.233037156475294381e+06
-1.751399708926161984e+06
-2.633421069380480796e+06
-3.840335348581441212e+05
4.610886792316487059e+06
1.240847758251095936e+07
2.189640049234570935e+06
-2.755242615476614330e+06
-5.660470163720785640e+05
6.337223981626929715e+06
9.111322925970645156e+05
-3.037396603816371411e+06
7.362887092113188373e+03
-4.077693453804126941e+06
-5.594393704569648020e+06
1.134883602587299421e+07
-7.832034038122350350e+06
