1.680059778750141710e+07
3.127312767718896642e+07
-3.083304441070632078e+06
1.509557751760164462e+07
-3.840428846040942520e+07
5.605410665646312386e+07
-6.667304393622489274e+07
-4.991296412635411136e+06
8.392423902837224305e+06
2.060865751800881117e+05
-1.148082833159127086e+07
2.145527561139104888e+07
-9.180348932361647487e+07
-3.073402255338094756e+07
-8.661637764809526503e+07
2.646676249458167329e+07
1.604157875092383847e+07
-4.032501633123506606e+07
-3.865836366593692452e+07
-2.897878682276456431e+07
-2.566549719188666716e+07
-1.800127568512579054e+07
-2.906862836898316070e+07
5.562367547603602707e+07
1.693331154457913339e+07
-2.525614039151950181e+07
-4.203811386209933460e+07
-1.793959417132093385e+07
-5.006751958745069802e+07
4.452184604887263477e+07
5.895974216996943578e+06
1.295165427305745147e+07
7.899988018912789226e+07
-7.983750576798583567e+07
-4.065523810961437225e+07
5.076040721869001538e+07
2.401457352077925950e+07
-5.118863835050791502e+07
1.362938468391108699e+07
1.258698506955413707e+07
1.201246581270143855e+06
1.407103635037855059e+07
-1.216584613202621043e+07
4.674866543016728945e+06
-3.280594294443083927e+07
-2.966150919180193916e+06
1.302397567747712880e+07
-2.084193113211231306e+07
5.779865400951629877e+07
4.832608756866397336e+06
