[[ -8.33189261e-01  -2.32644481e-01   1.69526168e+00  -6.48631646e-01
    1.70152799e+00   6.22732288e-01  -3.77041850e-01  -1.17387268e+00
   -9.17315028e-01   2.72880766e-01   6.24401535e-03   4.73491273e-01
    4.33268233e-02   9.05760174e-02   9.34235739e-01   5.69229935e-01
    2.69403812e-01   9.95486869e-01  -5.53236373e-02   4.64212234e-01
    1.71989814e+00  -1.62532504e+00   1.29821239e+00   1.96651378e-01
    4.75173208e-02  -1.40561201e+00  -6.97963989e-01  -2.46550764e-01
    4.80041959e-01  -3.93204643e-01]
 [ -1.13030677e+00   4.02060841e-01  -1.07981172e+00  -9.79757486e-01
    1.81710470e+00   2.35416645e-01  -3.07570582e-01   1.43924933e+00
   -5.80261657e-01  -1.96305859e-01  -1.16068400e+00   2.92900033e-02
   -1.88004828e-01   8.46102024e-01   1.34718705e-01  -9.64505474e-01
   -2.09515591e-02   1.93289635e+00   1.35344302e+00   3.85328177e-01
   -3.73330905e-01  -1.50243272e+00   2.86931887e-01   8.45221410e-01
   -2.20985953e+00   3.23465751e-01   2.15852453e+00  -3.16951032e-01
   -5.07238337e-01   8.65745859e-01]
 [  2.06140101e-01  -4.21829209e-01  -1.47994464e+00  -2.42863227e-01
    2.53744989e-01  -7.12816279e-01  -2.11162654e-01  -3.62137148e-01
    1.92513094e+00   3.73801585e-01   5.79372971e-01   5.98398664e-01
    2.44099090e+00   3.34475289e-01   1.13755741e+00  -2.46484261e-01
   -1.41083028e+00  -1.51028803e+00   1.24754595e+00   3.18173212e-01
   -9.72387248e-01   1.40479113e+00  -1.44609000e+00   8.17980243e-03
   -1.10144995e+00   1.69269200e-01  -1.07029548e+00   2.00022152e-01
   -1.80124745e+00  -1.11886148e+00]
 [ -8.05426516e-01   2.73058130e-01  -2.39138632e+00  -5.48418258e-01
   -1.26111999e-01   9.70059629e-01   1.52346210e+00   1.17025117e+00
   -2.37833665e-01  -5.06172402e-01   1.45221244e+00   9.27761689e-01
    5.10468209e-01  -9.18438162e-01  -5.77651479e-01   1.12178772e-01
    1.45695835e+00   1.08196169e+00  -1.36761484e-01   1.95044895e+00
   -1.58402877e+00   8.07627516e-01   1.77323722e+00   2.43646203e+00
   -4.78236805e-01   2.42147104e+00  -8.12967857e-01   2.80903930e-01
    1.10752005e-01  -7.68712664e-01]
 [ -1.65002641e-01   5.20842193e-01  -1.52367133e+00  -3.37700516e-01
    3.08287318e+00   1.86477797e+00   1.64654025e+00  -1.00037565e+00
   -9.07256413e-02   7.58102189e-01  -8.52399758e-01   1.57462231e-01
   -6.59628556e-01  -2.80091934e-01  -2.60513898e-01   7.13429822e-01
    1.21212501e-01  -1.81468446e-01  -3.86708106e-01   1.36777359e+00
   -2.69795145e-01  -2.84875873e+00   1.17855153e-01  -1.29963147e+00
   -8.48340281e-01   5.09312342e-02  -2.23903116e+00  -8.30737409e-01
    7.19678074e-01   9.32997576e-02]
 [  7.18092263e-01   1.42456803e+00  -1.15541463e+00   5.49540636e-01
   -3.11025394e-01  -2.51524244e+00   1.37779557e+00   6.77143656e-01
    6.77755488e-01   3.82913485e-01  -6.56000812e-01   1.19143298e+00
   -1.62385817e+00  -1.48854550e+00   2.64884923e-01  -2.79720706e-01
   -1.14989357e+00  -9.98620263e-03   5.39200816e-01   1.14948590e+00
    1.73993405e+00   1.24486458e+00  -1.54318424e+00   1.37943034e-01
   -2.35643353e-01  -4.24510137e-01   2.63889391e-01   5.87024364e-01
    3.17182087e-01   2.76005936e-01]
 [ -1.77940610e+00  -6.65642156e-01   1.22538846e+00  -1.47403314e+00
    1.05322413e+00  -9.93313041e-01   3.41198451e-01  -2.45917261e-01
    8.53335126e-01   1.69991634e+00  -4.96205402e-01  -3.50050946e-01
   -2.39125158e-01   5.05231161e-01  -8.36838692e-01   4.95516125e-02
   -2.80025573e+00  -3.87465254e-01  -3.30694562e-01   1.41733904e+00
    9.52780095e-02   1.23141349e+00   6.28418023e-01  -4.42949732e-03
   -7.68212872e-01  -3.70151503e-01  -2.60221945e-01  -7.64298518e-01
   -1.32690988e+00   1.54094123e+00]
 [ -2.47500930e-01  -5.87887820e-01   6.92450106e-01   1.44098868e-01
    1.13352715e+00  -1.88233922e-01   2.38640079e-01  -2.70268289e-01
    2.19218227e+00  -2.25756689e-01  -9.44511833e-01  -1.29892120e+00
    1.73383067e+00  -1.71179382e-01   6.94576956e-01  -8.29853798e-01
   -1.32405935e-01  -9.38060600e-02   8.58768622e-01   4.85612611e-01
    4.48336030e-01  -1.26451095e+00   1.08261442e+00  -8.91109706e-01
    1.65362901e+00  -2.06656181e+00  -1.65749716e+00  -1.24847899e+00
   -6.28351447e-02   7.73390043e-01]
 [ -2.26887703e+00  -1.17912400e-01   1.29821508e+00  -1.53844496e-01
    8.58686405e-01  -9.74851504e-01  -3.24048540e-01   2.18231220e+00
    6.23361917e-01   9.38329733e-01  -6.83807963e-01  -1.26547963e+00
   -2.15501261e-01  -2.16322661e+00  -1.63939472e+00  -9.07395485e-01
    6.71464445e-01   9.64978712e-01  -7.50276994e-01   1.46459501e-01
    1.38809788e+00   4.01002081e-01   1.25096051e-01   2.53741288e+00
   -9.80693784e-02   1.18209812e+00   5.11260538e-01  -6.43155817e-01
    7.06182226e-01  -9.85065845e-01]
 [ -2.45100290e-01  -1.30877488e+00  -2.07656863e+00  -1.15862609e+00
   -1.00603113e+00   2.24106943e+00  -3.10944711e-01   1.30510995e+00
   -4.76137640e-01   9.77019172e-02   4.32851244e-01   7.35258261e-01
   -3.15462697e-01  -4.59916885e-01   6.26782177e-01  -1.35470564e+00
    7.19625591e-01  -8.54977554e-01   1.37175845e+00   1.72633251e-01
    7.95844550e-01  -9.01702778e-01   1.81683115e-01   9.39534474e-01
    8.17961102e-01  -2.06101032e+00   7.56254157e-01  -1.46375031e+00
   -4.51655098e-01  -2.67300775e+00]
 [ -3.63998948e-01   2.37346031e+00   5.18693541e-02  -2.53728539e+00
   -3.55547701e-01  -1.42714333e+00   1.55519183e+00   6.86184608e-01
    3.33201610e-01  -1.72900826e+00  -1.75301058e+00  -4.62456482e-02
   -4.59695942e-01  -5.83923684e-01  -3.22223440e-01   4.89758023e-01
    9.34159227e-01   6.81983237e-02   4.09248969e-01   8.91654874e-01
   -1.52244750e-02  -5.23358439e-01  -6.75594561e-02   1.84574307e-01
   -4.92112049e-01  -2.73691251e-01  -6.94780261e-01  -4.77668446e-01
   -8.94225617e-01  -4.49339876e-01]
 [ -7.67450545e-01  -1.84275602e+00  -9.07501687e-01   3.31393991e-01
   -1.53597679e+00   2.60496274e-01  -6.97957527e-01   7.36381850e-01
    5.52571356e-01   4.86314666e-01   2.63250917e-01  -1.72525542e-02
   -2.54282104e-02  -6.54803002e-01   3.31917415e-01  -1.02911438e+00
   -1.77279127e+00  -1.35236616e+00  -2.36543989e+00   8.49797558e-01
   -3.96623784e-01   3.10946972e-01   5.93018407e-01  -3.23706354e-01
   -2.88965102e-01  -1.73556449e-03  -5.30001123e-01  -2.05892249e-01
    8.64342230e-01   1.11092461e-01]
 [  5.35322284e-01  -9.01280533e-01  -4.36133929e-02  -1.05083770e-01
    3.20232235e-01   1.03511105e+00   8.65556829e-02  -1.27343104e+00
    1.68924923e-01   6.00823630e-01  -2.05730403e+00  -5.82071149e-01
    3.40392035e-01  -3.53678928e-01   9.08431872e-01  -1.99584886e-01
   -1.53503130e+00  -1.74581988e+00  -9.90757414e-01   2.05738799e-01
   -1.35313473e+00  -8.89440088e-01  -6.04790233e-01  -4.32108152e-01
    3.05783470e-01  -6.92499430e-01  -3.77948948e-01   2.33437674e-01
   -6.37804164e-01   2.42206866e-01]
 [ -6.14441479e-01  -1.07490137e+00  -5.17619263e-01   1.42201742e+00
   -1.32505390e+00  -6.89072872e-01   8.33381023e-01  -3.44458049e-02
    4.68858582e-01  -2.04806948e+00   2.11971647e+00  -2.28166085e+00
    1.36738404e-01   1.19458828e+00  -1.70108342e-01   6.50974683e-01
   -3.08491147e+00  -1.93838090e+00  -2.28647546e+00  -1.88328470e+00
    9.19367632e-01  -1.00660924e+00   3.23340147e-01  -9.84454783e-01
   -1.77182022e-01  -1.14804717e+00   2.90747213e-01   5.38076929e-01
   -1.65410202e+00  -2.53824530e+00]
 [  1.34429450e+00  -5.48812009e-01   7.10071579e-01  -1.09922606e-01
   -4.57737452e-01  -2.18194678e-01  -1.38729485e+00  -3.14924982e+00
   -1.02782112e+00   9.86414392e-01  -1.90322731e-01  -1.15878589e+00
    8.14044801e-01   6.18809270e-01   1.71687620e-01  -1.52335743e+00
   -1.36397938e+00  -1.52682207e+00  -1.90535325e+00   9.64644596e-01
   -3.90369914e-01  -1.29428149e+00  -1.11186471e+00  -4.96900142e-01
   -7.80916813e-01  -1.05220388e+00   5.10164707e-01   1.92475604e+00
    1.13000084e+00   7.96337428e-01]
 [ -2.48163155e-01  -5.05362464e-01  -1.24767014e+00   1.03473018e+00
    1.85837773e+00   4.44643936e-01  -2.11255211e+00   7.02298267e-01
   -8.94007500e-01   8.59445214e-01   1.84364193e-01   7.16005721e-01
    3.62249210e-01  -4.37601731e-01  -5.09283849e-02   5.36312647e-01
    3.20188301e-02  -1.45120014e+00   6.18719091e-02  -4.09884915e-01
   -8.34377531e-01   1.24537270e+00  -4.82521669e-01   1.02434993e+00
    5.86212466e-01  -3.88918757e-01  -1.05591665e+00  -1.12363881e-01
    4.77111668e-01  -4.41611016e-01]
 [ -3.83513754e-01  -6.27492466e-01   1.01609558e+00  -1.14011264e+00
   -2.28303397e+00  -2.63272666e-01  -4.95037419e-01   2.98437053e-01
    9.89464759e-01   3.15188700e-02   2.51408642e-01   1.22725058e+00
   -2.04243534e-01  -5.77191080e-01   6.83441938e-01   2.10628121e+00
   -4.64671129e-01  -1.34755220e+00   7.78990509e-01  -7.06969924e-01
   -6.98651655e-01  -3.47691884e-01   3.68996368e-01  -2.28460238e+00
    3.53760788e-02   1.66354807e+00  -6.04193184e-01  -9.40809713e-01
    8.40695064e-01   9.70482081e-01]
 [ -1.16474144e+00   8.40068531e-01   9.03578182e-01   4.13381346e-01
   -1.02512468e+00  -5.92323920e-01   4.68518322e-01   4.87479010e-01
    2.63863164e-01  -8.31668472e-01  -7.55072865e-01   8.20277470e-02
   -3.15369375e-01   1.30070886e+00   8.55215114e-01  -3.53713971e-01
    1.18187236e+00  -2.42504168e-01  -4.07426277e-02  -4.54714762e-01
   -3.83551625e-01   2.37117956e-01   8.50149950e-01  -2.69588771e-01
   -5.16622892e-01  -6.21332831e-01  -9.84583186e-02   1.30815555e+00
   -1.28352659e+00  -1.60510985e+00]
 [  1.14387810e+00  -5.58202296e-01   1.87248703e-01   5.96741381e-01
    4.14035622e-01   8.29646336e-01  -8.51860922e-01  -6.88760188e-01
   -1.59730091e+00   1.16514481e+00  -1.00332286e-03   1.88989686e+00
   -5.65673888e-01  -2.17728564e-01  -6.79575766e-01  -2.05383003e-01
    2.06094188e+00  -3.60056003e-02   6.97348060e-01  -1.24445237e+00
   -9.40806403e-01   3.27144539e-01  -4.87525272e-01   1.14329750e+00
   -1.09936776e+00   9.23812224e-01   7.03476666e-01   4.16537441e-01
    5.59406847e-01   8.32443290e-01]
 [ -1.09050039e+00  -1.81462364e-01   6.27380300e-01  -2.77970084e-01
   -2.34255986e-01   1.27118316e+00  -1.82701791e-01  -1.61518182e+00
   -3.47545309e-01  -1.69777546e+00   9.52025352e-01  -1.19927066e+00
    1.29060766e+00  -1.45445136e+00   5.46367207e-01  -3.25316546e-01
   -5.85421197e-01   1.19139341e+00   6.81718277e-01  -3.24993557e-01
    4.19875163e-01   1.30909084e+00  -9.22590154e-01   4.80175363e-01
   -6.37273018e-01   8.70342342e-01  -1.17616875e+00  -7.64033418e-01
   -1.62152602e+00  -1.43180868e+00]
 [ -4.61077811e-01   1.86527553e-01  -9.81339766e-01   6.84670451e-01
    1.01601064e+00   1.18910504e+00  -1.46959216e-01  -1.95978207e-01
    1.64162659e+00  -1.37204747e-01   6.27358293e-02   2.30654996e+00
   -1.10524443e+00  -6.03837771e-01  -2.09074423e-01   7.68000705e-02
    1.20314377e+00   3.44579839e-01   8.62814358e-01   4.78288147e-01
    5.90958920e-01   1.66421408e+00  -4.33074002e-01   8.63412287e-01
    7.35781065e-01   6.50618674e-01  -7.44513943e-01   1.25245427e+00
   -4.74840418e-01   6.92618146e-01]
 [ -1.20780220e-02  -2.32484622e-03   3.55439329e-01  -3.47780904e-01
    2.57286849e-01  -2.42320962e+00   4.43153196e-01  -5.59695089e-01
   -8.55551332e-01  -1.23835845e+00  -6.39224296e-01   3.18017277e-01
    8.96393083e-01  -1.33783666e+00  -1.96751537e+00  -2.80442690e-01
    1.20856060e+00   2.25653364e+00  -7.29003825e-01   1.19638101e+00
   -5.27665925e-01  -6.18201099e-01  -1.23983047e-01   6.30977827e-01
    5.81256879e-02  -7.84823586e-01  -2.94419407e-01   4.71012576e-01
    6.73834513e-01   6.94323630e-01]
 [ -2.02865108e+00   7.94684438e-01  -1.39573725e+00  -1.98093834e-01
   -4.36365635e-01   4.26266632e-02   1.10926888e-01   1.45379869e+00
   -1.36117969e+00  -7.59506792e-01   1.84313323e-01   5.99250444e-01
   -5.46339726e-01   3.45602693e-02  -4.25685990e-01  -2.35759861e+00
   -9.96715602e-01   8.36069793e-01  -3.65298172e-01   1.66412252e+00
    9.52218868e-01   5.42077049e-01  -1.92984852e-01   2.11508846e-02
    2.40955182e-01   9.76815560e-02   1.24737194e+00  -1.71444641e-01
    2.35961843e-01   3.65517629e-01]
 [ -1.26449613e+00  -6.99810697e-01  -6.67943034e-01  -2.51823707e-02
    1.12846327e-01  -2.62262928e-01  -1.58840211e+00   1.35965393e+00
    1.10103140e+00  -1.49845105e+00  -4.16497187e-01  -3.15811433e-01
   -5.40380597e-01  -2.54777015e-01  -1.39452952e+00   5.46872568e-01
   -2.73144644e-01  -1.44195594e+00  -1.44763282e+00  -4.28997339e-01
    6.95668052e-01  -5.26183299e-01  -6.83999536e-02  -1.52177235e+00
   -1.04531015e+00   3.96399928e-01  -3.89681878e-01   8.21662553e-02
   -1.98823445e-01   5.53843010e-02]
 [  4.92854324e-01   6.71017687e-01  -3.45662420e-01  -3.83459872e-01
    4.44546887e-01  -5.16818857e-01   1.94557120e+00  -7.80865668e-01
   -1.09962443e-01  -5.54874113e-01   1.09491710e+00  -1.85449579e+00
    3.17659740e-01   1.14801165e-01  -5.31536899e-01   7.88418309e-01
   -1.22523879e+00  -3.10938324e-01   1.33000224e+00  -3.37000030e-02
   -9.24365802e-01   3.62693323e-01  -2.14583863e+00  -4.11226691e-01
   -3.05882539e-01  -1.51870553e+00   5.05419633e-01  -4.59364147e-01
    3.66647376e-01   6.11725882e-02]
 [  8.43039983e-01  -3.09310075e-01  -7.98640575e-01   7.97295782e-01
   -5.36217520e-01  -5.74552061e-01  -5.85064780e-01  -6.10057374e-01
    2.33243538e-01   1.00546620e-01  -2.35193766e-01  -1.04047623e+00
   -1.08767299e+00  -8.73247065e-01  -3.32891198e-01   9.70064002e-01
   -7.75605404e-01  -1.35338508e+00   1.42259067e+00  -9.40534101e-01
    5.18450955e-01   2.74123547e+00  -1.72849838e+00   2.22003236e+00
   -1.00694000e+00  -4.36873802e-01  -5.85930126e-02   3.18622470e-01
    1.39056815e+00  -6.36441391e-01]
 [  1.78732116e+00  -1.25315436e+00   1.69083254e+00   1.54845911e+00
   -3.48411714e-02   4.53828062e-01  -4.07591752e-01  -2.47268150e-01
   -8.05005731e-01   6.45637374e-01   4.84279134e-01   6.93063949e-01
    3.97651640e-01  -5.81866480e-01  -8.70155442e-01  -7.71752614e-01
    8.39768144e-01  -1.96992051e+00   2.05275705e-01   3.10777741e-01
    7.41015341e-01  -2.57074268e-01  -9.74335119e-01   2.13136720e+00
   -4.52765113e-01   7.58062200e-01   9.07276574e-01   1.35273223e+00
   -9.13868893e-01   1.16144786e+00]
 [ -2.95226739e-01  -2.16797269e-01  -7.20963738e-01  -2.16388108e-01
   -1.66390237e+00   1.43395831e+00   4.39007662e-01   7.82373508e-01
    8.66280319e-01  -1.07586187e+00   1.63980604e+00   2.05929986e-01
   -3.92695216e-01   6.39259929e-01   1.42469534e+00   1.44128978e-01
   -4.64082158e-01   6.00137834e-01  -2.65167146e-01   1.91127312e+00
    1.13838992e+00   1.26987710e+00   6.65666426e-01  -2.72031560e-01
   -1.20265286e-01   7.69591264e-01  -1.33618297e+00  -3.58900757e-01
   -5.72386023e-01  -2.26781570e-01]
 [ -6.70186692e-01   5.30667998e-01  -7.38458929e-01  -8.89825334e-01
   -3.07872631e-01   4.53538847e-01   2.49030732e-01  -5.09887288e-01
   -1.68518960e-01   6.02256549e-01   6.83445822e-01   1.17199866e+00
   -6.92938353e-01  -6.81114740e-01   6.72149611e-01   1.25108150e+00
    1.05330730e-02   4.45617656e-01  -5.10360962e-01   1.14632309e+00
   -8.34607817e-01  -8.07560716e-01   2.06587092e+00   9.96616407e-01
    2.52289705e-01   7.53815921e-01   1.57999310e+00  -2.01739905e-01
   -2.81042816e-01  -4.89959463e-01]
 [ -8.62178364e-01  -8.19894367e-02   7.98262941e-01  -6.43204680e-01
   -8.16273068e-01   4.59889981e-01  -1.08482414e+00   6.86190701e-01
    1.17954107e+00   4.60994099e-01  -3.27696746e-01  -7.21123726e-01
    9.09001967e-01  -7.29522170e-01  -1.38682867e+00   6.87967793e-01
    3.13590218e-01  -7.85768740e-01  -1.16399110e+00  -1.19938555e+00
   -1.34944816e+00  -2.31322778e-01   2.78212179e-01   8.19078055e-01
    5.22077741e-02  -6.81145341e-01  -1.14424578e+00   6.86411169e-01
    6.21199512e-01  -4.34490844e-01]]
