7.468398383211617420e-01
-2.337588341432577099e-01
1.192714485609647657e+00
1.559686646171963287e-01
1.167647316160874471e+00
-3.202396368551813088e-01
-2.201640048004636974e+00
7.917370667042171739e-01
-1.214795899675693569e-01
1.437436246430772446e-01
1.154696419689180464e+00
7.498687400833330408e-01
-1.765524982862204662e-01
1.182789628630206202e+00
6.013933050907788180e-01
2.318003010402706898e-01
-1.507790661184652825e-01
1.236597528390709577e+00
-4.270199892388057243e-03
-1.086945074635995878e+00
-1.478346325620363721e+00
6.646987686361742476e-02
3.969634525283418092e-01
2.150757606767168817e-01
-1.062315596468647261e+00
-1.456521180467664323e+00
-5.049469379920238366e-01
-1.774341196118267849e-01
-1.266139880692992881e+00
-7.775601422364550874e-01
2.014658746236925035e-01
1.286904413934344626e+00
-1.217060206852251580e+00
-1.032392673338890177e+00
-2.035041546739356846e-02
-6.136729941687431023e-01
7.018571153357433534e-01
1.199679733189485287e+00
-1.938363477626107167e-01
-9.790303713182081369e-01
-4.511190572271594479e-01
1.173492103905752759e-01
-4.286216997343695323e-01
-1.178622365189024190e+00
1.686057912159038663e+00
-1.242641002539041750e+00
1.513758576354873542e+00
-6.846540905846725256e-01
-1.684454907603565033e-01
-8.041448731724072374e-01
