1.776307073299065857e+11
-9.978067308882277832e+11
-6.156628671120565186e+11
8.762132157090931396e+11
-6.184276473681614990e+11
3.796511082422979126e+11
-8.597367977770657959e+11
-3.444229928502703094e+10
-6.771091538970582275e+11
-6.341833508664036865e+11
-4.741991715723092041e+11
6.750281820774900055e+10
2.671448215775957947e+11
-1.099253042170554321e+12
-3.141966618711869507e+11
7.439360616654704590e+11
5.540746118159542847e+10
5.939298598412457275e+11
-8.136294241397843933e+10
-1.568989325967641907e+11
-4.987043850112880249e+11
-3.577314070810382690e+11
-9.550193256158532715e+10
-3.459806334717018433e+11
1.056991681211320038e+11
2.763895729795864258e+11
7.868928957877076416e+11
-9.359615311418018799e+11
-1.754929256019119501e+09
1.456483367501986389e+11
7.678947585426101074e+11
-1.719370562895278015e+11
1.545332428596454620e+10
-6.993683014655482178e+11
5.084989957602894897e+11
-8.541759939082264404e+11
6.362207822705877686e+11
-3.630266630247782593e+11
-2.555804967894335632e+11
5.162648549171355591e+11
-4.904638651188674927e+11
1.288669763918565186e+12
-1.034918730669814819e+12
1.155699492870063477e+12
1.588821752465091858e+11
-1.448471113425492554e+11
6.629732239099420166e+11
8.162837413164750977e+11
4.539766022480225830e+11
5.384044536938234863e+11
