-1.064021926265904419e+12
-5.077170799606306641e+12
6.573832244595693359e+12
5.183568002440164062e+12
-1.135963409771228271e+12
6.997228402014000977e+12
-2.513105136206475098e+12
4.554223829833242188e+12
-4.851577311901055664e+12
4.732304407507751953e+12
3.455608116618879883e+12
3.410789708154144531e+12
-1.193644897611804443e+12
-9.122676803955773438e+12
-4.300628904269915039e+12
3.989707753247789917e+11
-7.561143866978520203e+10
-2.271233405335408691e+12
3.458455131278219727e+12
1.560020350223644043e+12
-4.314013197274155762e+12
5.190593932615523438e+12
3.307725718226228516e+12
-2.111902223793361816e+12
-1.279071485553175781e+12
-3.186133749361550781e+12
5.760597045181648438e+12
-5.877044298855923828e+12
4.003097750706035645e+12
-2.688264740788962402e+12
4.463670703176780701e+10
-1.996158007946721191e+12
-4.252280461378542480e+12
-6.367947763731796875e+12
7.575886007095783203e+12
-1.558976743933657715e+12
2.401189349222802124e+11
-3.617539474434607910e+12
-3.403433676610432617e+12
6.726662540243373047e+12
-4.058780388863940430e+11
-2.239944292697302246e+12
-6.561926202632941406e+12
1.356288342810421143e+12
3.847456731236956543e+12
3.042551320431733398e+12
-1.565178396829302246e+12
7.167762847491520508e+12
-3.897798260091430664e+11
4.689903976434774414e+12
