-5.282773373316795312e+13
-1.424512091798375781e+13
3.709468277404886230e+12
-2.326657607786683655e+11
-1.901243654517030469e+13
-1.721294319764529883e+13
2.269527609026661328e+13
1.684940383744961670e+12
-3.966518006443937500e+13
3.162476962311743359e+13
1.489294331230885352e+13
1.357916904229400391e+13
-5.156213844426434375e+13
-4.385766637537892188e+13
-4.278015400588184204e+11
-2.474240277869125000e+13
1.399522249999205078e+13
2.308612870052567188e+13
2.306910398968375977e+12
1.940792749965796484e+13
-3.086636387895246875e+13
-3.654896587165303906e+13
2.755903089373789453e+13
-2.678527916115390320e+11
-5.713745838460102539e+12
-4.879745411605363281e+13
-2.598110738170037109e+12
-5.689243908677659375e+13
2.417273279108295703e+13
-7.960573914072701172e+12
8.220460214481335938e+12
2.291629140021120312e+13
-3.144149341496445703e+13
-2.595328051376775000e+13
2.509826765856336719e+13
1.656898311998712500e+13
1.114993516381686279e+12
-2.192125303273882812e+13
-5.325071562103253125e+13
5.457742206936685156e+13
-2.250399639051230078e+13
-9.139250583683175781e+12
-3.256050990394555078e+13
-3.965735424936370312e+13
-1.603849605747784766e+13
-3.214665351887244531e+13
-3.017550729774732812e+13
-1.595636581932796875e+12
-4.227400661952413281e+13
6.890945117081095312e+13
