9.500965633078031250e+14
-2.599440512976341600e+16
8.880830416899136000e+15
1.838709419084913600e+16
-7.314096618783029000e+15
2.570740975133910400e+16
-1.336608868026099600e+16
7.367608013541093000e+15
-1.610187587605123600e+16
7.857950071991055000e+15
5.102014011890393000e+15
6.199997370992750000e+15
-1.916118266375299000e+15
-3.239736046565879200e+16
-1.507684596754273000e+16
1.051654816841984000e+16
6.797944439394422000e+15
-5.040938069853140625e+14
2.108619528030763500e+15
-1.044252752024960250e+15
-9.630704058987552000e+15
5.319337501651572000e+15
1.008583234175097800e+16
-2.118709523377745500e+15
-2.863062595123489000e+15
-7.040184836362599000e+15
2.196310251814346000e+16
-3.079006156106956400e+16
1.399294727379473600e+16
-5.886298511002831000e+15
9.564781321912510000e+15
-3.087061239355387500e+15
-1.212522349904263000e+16
-1.726034644612487200e+16
1.986846120746792400e+16
-1.034743141106216000e+16
6.098358252698850000e+15
-2.127907719883477600e+16
-1.535787296426410600e+16
2.447847769488813600e+16
-4.328143570224758750e+14
1.062877313211908800e+16
-2.143522355819455600e+16
8.461767814046366000e+15
7.521855991138505000e+15
5.447182148292867000e+15
2.868292956760213000e+15
1.932815577289196000e+16
1.924644035831810500e+15
1.691776439433916400e+16
