-9.050335293715971840e+17
-3.992597799318990080e+17
1.586834715220682240e+17
-2.585121393394826560e+17
-8.602127456551930880e+17
-3.069666783534639360e+17
-2.469484493148465600e+17
-4.045366621227677440e+17
-6.333523358292352000e+16
4.196224408004548480e+17
6.588969312019539200e+17
5.798821546925962240e+17
-1.615188507225292544e+18
-9.564837431470789120e+17
-6.234786124608565760e+17
-2.774741582301829440e+17
1.897992027001986560e+17
1.505054083324287488e+18
1.046418725982877400e+16
-4.464967248026248000e+16
5.211980509407348480e+17
-1.668797900195127296e+18
7.503841343963886080e+17
3.143595624095464960e+17
4.362423714257994240e+17
4.092636441235616000e+17
5.824892498542178560e+17
-1.820255138000451840e+18
3.576909850142750080e+17
7.945137902729483520e+17
1.161344786890540544e+18
1.073426139974503040e+17
-1.357209600855830272e+18
-2.596494292915540480e+17
2.218323676296880000e+17
-4.493611964147122560e+17
5.158505855395443200e+17
-7.258949270724812800e+17
-5.778432339461181440e+17
1.642100571244567808e+18
-6.944016782300647680e+17
4.412247510421719680e+17
-9.832943237226376960e+17
-6.258289029049900800e+16
-7.716523906622548800e+16
-3.153433638513712000e+17
5.609657298053555840e+17
-1.335676024147150720e+17
-8.277754647804597760e+17
1.931354353011937280e+18
