-5.929714153202244779e+05
4.124911207838461996e+04
4.465762103095217608e+05
3.845282609194797114e+05
-4.145927983439171803e+05
2.937182636411643471e+05
-1.069489241600239620e+05
6.103800234375799773e+05
-6.157355522678450216e+05
1.084522041940027149e+06
1.316225996398562274e+05
-4.301830418367104721e+05
-4.624508686581466463e+05
-1.109775349559886148e+06
5.116987370405642287e+04
-5.030386267700534663e+05
5.536905558587713167e+05
-6.155568537131669000e+05
2.714848011010987102e+05
1.921920904013663530e+05
-5.345918221504138783e+05
3.785828624851081404e+05
3.626745101728912559e+05
-6.199664514558487572e+05
1.804461178124176513e+04
-9.401990402238254901e+05
-5.082469083121786243e+05
-3.881071775168697350e+05
3.008394009739651810e+05
-5.018050994731513783e+05
-5.011934608460376621e+05
4.477517427421695174e+04
-9.067616043567883025e+04
-2.328123306840885489e+05
1.066171727704382502e+06
9.591658063014879008e+04
2.386232808329297695e+05
-1.736329015511232428e+05
-6.210978564797784202e+05
4.977155442573459004e+05
3.127903123605529545e+05
-1.804308017467200989e+05
-1.111472317118517676e+05
-1.332498120475816540e+06
-6.175100893312986009e+05
2.385253142785057717e+05
-8.116267839343664236e+05
2.112345378338590672e+05
-3.704856566201872192e+05
3.300995742947578547e+05
