-4.674630642201286741e+06
-1.377382967239075806e+06
1.562495409251989331e+06
-6.970591272670486942e+06
2.694355323147447314e+06
-1.233598939761315007e+06
1.064986056042928481e+06
-4.175085025387809146e+06
4.378554754245868884e+06
3.018597229628673289e+06
5.064158235934353434e+06
2.556972591258239700e+05
-6.424218606359292753e+06
2.144320949562898837e+06
-3.163785308190580108e+05
-2.914266272049151361e+06
2.079291997398036998e+06
3.479433459102666471e+06
2.054106332955394173e+06
2.494446533826240804e+06
2.211150142835641745e+06
-9.488656563281292096e+06
1.819682183513448341e+06
6.523389001926665660e+05
2.085038472162822029e+06
-5.974999473575213924e+05
-1.919842891449433984e+06
-7.436455690240266733e+06
4.054494934344186913e+06
7.699773371366673149e+06
2.690199207351641264e+06
2.516867720236802008e+06
-3.853480322064406704e+06
1.208076708575103985e+05
-4.087953003944702796e+05
2.303713039255559444e+06
1.045098981235480518e+06
-5.054802679504938424e+06
-6.934187802356200293e+06
6.773210720409756526e+06
-2.643280806715456303e+06
-1.064641911920752143e+06
-2.436091636266683228e+06
-4.118873646335870493e+06
-1.371879336277708178e+06
-1.237049042249032296e+06
-4.862424888391312561e+05
-6.191386409264580347e+06
-7.998594550048351288e+06
5.541454263022336178e+06
