-4.385736728505653659e-01
-1.258028823689925080e+00
2.513288983666505327e+00
1.804648386560533113e-01
7.754703584037933028e-01
1.234223489054388834e+00
5.830968527750165498e-01
1.140330998734468970e+00
-7.428535941195882897e-01
1.482377984488721490e+00
2.290339417394066768e+00
-3.012646685047970507e-01
-2.028502661243668792e-01
-2.626121669428278516e-01
3.921145295087801186e-01
8.514547138903266754e-01
4.657850054296052145e-01
-1.326590855930057655e+00
2.925669470849436293e-01
8.250681565057399469e-01
-8.585086661018382914e-01
-4.293395654625273283e-01
-5.031118832963241694e-01
-5.498494937914254477e-01
-2.345076994043246099e+00
3.795502665827388822e-01
-8.697076321661113829e-02
5.763980493059939203e-01
9.835377076337141478e-02
1.133339286487135104e-02
-4.498354141422161168e-01
1.935619142942809123e+00
1.566558674266888884e+00
-1.476898530453997438e+00
6.147259833125334749e-01
-8.149526567909590735e-01
4.141711237260210093e-02
1.160620606441816749e+00
1.352008406139613816e+00
1.352254681833596539e+00
-3.036590784693543044e-01
8.495525726495353758e-02
9.333350267915205833e-01
5.264651918717502266e-01
-1.094686648619199953e+00
-3.230963969418050308e-01
7.627133517842184240e-02
7.640597283760357517e-01
6.756456781262688838e-02
-1.580850875782431775e+00
