-1.254422590724128857e+07
-1.992148919004192948e+08
1.530165747618175745e+08
-1.271342977369940132e+08
2.591365862048358321e+08
-5.302685211146443486e+08
-1.713027350473809242e+08
-2.132330371270016432e+08
-4.116434431605046391e+08
-5.496246623767422438e+08
6.928354139349952340e+07
6.556549505607695580e+08
-1.725087578277825713e+08
-1.308527608447511494e+08
5.994872489466841221e+08
5.122140202903644443e+08
-2.203096854683076143e+08
-3.598170028016458154e+08
5.127726113509429991e+07
1.945675741761947274e+08
1.698183654307630062e+08
6.617942171797535419e+08
-2.985917666608672738e+08
8.804354566452735662e+07
6.151464815594400167e+08
2.277917290656102598e+08
-2.736647162066024542e+08
-6.368364431694471836e+07
-1.028454135713883117e+07
-1.014405032626478523e+08
-9.253297733923512697e+08
-1.338648192033373266e+08
4.249296128063529730e+08
2.210302629384181798e+08
-3.971691297628061771e+08
-1.954078210230523944e+08
1.548041164220070243e+08
2.180219616325674653e+08
-3.974155376669837832e+08
-4.280992946332612634e+07
1.749038916645107269e+08
8.153006184575381279e+08
-8.971113365177845582e+06
7.151066819275753200e+07
3.142623505138762593e+08
-1.455889877859202921e+08
-5.996401675968524814e+07
-2.116846144319752157e+08
-3.857711875478935242e+08
-4.197455592886313200e+08
