-2.194552361808108330e+09
-1.773670238435532749e+08
5.352416350629449487e+08
2.507465598952710629e+09
3.871215826158852577e+08
-1.847807297152201414e+09
-4.076678584768698215e+08
6.422287381038936377e+08
5.419745446266895533e+08
8.046688250774522126e+07
-1.178264825260395527e+09
2.832472533098654270e+09
-4.016354633822686672e+08
1.539601092742881060e+09
2.930253631498109698e+08
1.649491528610402584e+09
2.250271648111977577e+09
5.119125491459500194e+08
2.129449895812175572e+08
2.656176405735045910e+09
-9.835418855892072916e+08
4.430594587774934769e+09
-3.584600879496329427e+08
3.195516153054131031e+09
2.953457798885234833e+09
5.977590879978411674e+09
6.844553389278285503e+08
1.922406778657640934e+09
-2.703027928816337109e+09
-2.927728127806044102e+09
-2.639850185752526283e+09
-4.176304360032236576e+09
1.667285685132505655e+09
2.761810522127749920e+08
-2.856190559263918400e+09
-4.869197732047181129e+09
5.934960943810108185e+09
1.459144680612618446e+09
-3.807772885562303066e+09
-3.890394945053298950e+09
3.405126719550147533e+09
3.401118498999481678e+09
2.059875797589283705e+09
-2.891899962154704332e+08
9.882015177495580912e+08
-2.242303823587711334e+09
1.838738004535320282e+09
-1.010304553328835487e+09
-5.575718571105858803e+09
-6.142516149659179449e+08
