-1.905021955129718628e+11
1.134317296208539886e+11
2.547092514761441345e+11
1.794548820718491516e+11
4.363915122635283661e+10
3.362606276536381836e+11
6.668654786161486816e+10
-2.448776876552532959e+11
1.873186983280059204e+11
6.785687515593383026e+10
1.829371944925645065e+10
-2.451505713637075500e+11
-1.094096457630327911e+11
7.587851651634451294e+10
-2.340678418151794739e+11
2.277849725694162292e+11
4.834662475771269226e+10
1.524422574434819031e+11
2.402082867340927429e+11
1.295024251461299515e+10
-1.303243200588147125e+11
-3.356876090783792877e+10
5.241291690395183563e+10
1.386726539852421265e+11
7.647811570892816162e+10
1.798633611950822144e+11
-1.284601567659271088e+11
2.017845746105639343e+11
1.495226948382846680e+11
8.190649876676445007e+10
-1.381595611274413452e+11
-7.415194038977502823e+09
-1.403519316069140320e+11
1.376954172122177734e+11
-5.374869074055952454e+10
-7.918921970463119507e+10
5.476421046320745850e+10
1.499811477733426208e+11
1.219869159618476562e+11
-9.187685072828825378e+10
1.455736863391318054e+11
-1.187102609530143738e+10
-5.061367822320151329e+09
-2.848695468832854004e+11
1.577465300288128662e+11
5.966170535485359192e+10
3.616526016958649445e+10
2.684859355654107361e+11
-4.186511563972991180e+10
-2.964609589964980698e+10
