4.736262281896102000e+15
-1.454742887293164000e+15
-6.224216133319280000e+15
-5.685156574418778000e+15
-1.337509996081330750e+15
-6.065759561601186000e+15
3.720316431616561250e+14
3.989406701356621500e+15
-2.004347903182587500e+15
-5.956514064720907500e+14
-2.560935943401685000e+15
2.638698715875856500e+15
3.826753990984996500e+15
-1.184188990557472250e+15
4.521652122812731000e+15
-6.002107805606534000e+15
-1.610649990273457250e+15
-9.801620292457468000e+15
-2.884554453979890500e+15
-2.051597161232065500e+15
5.469708271459173000e+15
2.632839742670744688e+14
6.891444359784915000e+14
-3.733162271785434500e+15
-2.668884332359781000e+15
-4.585117310569384000e+15
2.327016552686747000e+15
-4.340897233462602000e+15
-1.263706069228235750e+15
1.157557106553394250e+15
-8.743758176860845000e+14
2.212504800381612000e+15
1.907869677724127000e+15
-2.911692932519025000e+15
3.619313091558700000e+15
3.368083165415874500e+15
-4.473786398795772000e+15
-1.527956273921936750e+15
-3.179642334918311500e+15
1.630750465698979750e+15
-7.390720005084513750e+14
3.898776840135028000e+15
-1.735515361082383000e+15
6.342043996227361000e+15
-8.372259044938607812e+13
-3.061019448949749000e+15
-4.370547614508511500e+15
-1.259905791903596750e+15
6.762844435138851250e+14
9.272254433315420000e+14
