1.157139348539627520e+17
2.359113351398502720e+17
-5.877876394337895680e+17
1.995715342025195520e+18
4.135651539054344320e+17
-1.235783137112686080e+18
6.699350294205300480e+17
6.695842771834885120e+17
1.703656511541730048e+18
1.878642718900246080e+17
-1.824876698624934720e+17
1.711387388394593024e+18
-1.335280020821684736e+18
-2.124378201503732800e+17
-1.069156939709995776e+18
1.403997752668434688e+18
-5.181700714778110400e+16
-3.195569327608285696e+18
2.259683869184115200e+18
1.170295561891765920e+17
7.737709394007929600e+17
2.100010803780396544e+18
-1.699036604276459520e+17
1.732876108435845120e+18
8.721997331853634560e+17
1.425213064504538624e+18
2.334880113116137472e+18
1.081803881778627584e+18
8.175394172453811200e+17
8.071686943562508800e+17
-2.000445704853899776e+18
-2.148215976998231040e+18
2.018398792665698304e+18
-1.343521430528387360e+17
-6.217386216737012480e+17
-2.351574367579621888e+18
-6.790832127873189120e+17
-5.745626759495875200e+17
-1.567599310544033280e+18
-1.495074583450172160e+18
1.006874281384314240e+18
1.698466981517642496e+18
-2.981109400823405440e+17
-2.795239232107239680e+17
4.009292087301806592e+18
-9.634790603343685120e+17
9.096662816713794560e+17
5.164477727617843200e+17
-3.883285601377502720e+18
1.829529192447608064e+18
