-2.523849623208290723e+05
-9.529103679957896238e+05
5.948786026951778913e+05
-1.183642019786162069e+06
-2.286039119499762892e+05
-3.033619720498525421e+05
6.272531287317011738e+05
-1.108342892722921912e+06
-6.481260685027713189e+05
1.752653295930527674e+05
-5.280840222102244152e+05
3.169832849026522599e+05
1.353735371074659517e+06
-4.472013075411769678e+05
1.057562355909661157e+06
1.140923143601838819e+05
-2.099171169373790908e+05
-1.067923747273690300e+06
-1.684790963812477421e+05
-1.364274808929335559e+06
6.324611743683987297e+05
-4.503307135931664961e+05
1.045572513345515326e+05
-6.108196474019448506e+05
-3.279523919084464433e+05
-3.543770869673842099e+05
-3.847451595181265147e+05
2.650746185648384853e+05
-1.046836021209864062e+06
6.631155431161679735e+04
3.549597717494177050e+05
1.746822816430880921e+06
-8.198182159854300153e+02
-1.118763179603502853e+06
2.707302443062410457e+05
2.777800729689581785e+06
4.189919428311883239e+05
1.980705854763878044e+06
1.015389395276861032e+05
5.279733875979199365e+04
8.433184076595131774e+05
1.119293196177175705e+05
-5.114753368535088521e+04
1.005889163606964517e+06
-2.521524320823049173e+06
1.201002827204786707e+06
-1.604367382511038100e+06
2.687972863855635514e+05
3.977868328484543599e+05
-8.062164283324626740e+05
