1.251237867856232449e+07
-1.124640556575401872e+07
-7.965241579503450543e+06
-6.455235100771896541e+06
-8.862206488638741896e+06
-5.532880634967187420e+06
8.240178927354569547e+06
2.221160598449913785e+06
-4.386286024678905495e+06
-2.967943009441414848e+06
6.617840893286336213e+06
9.489817644775043009e+05
8.191487560222318396e+06
3.295711305353802629e+06
8.762551115013329312e+06
-4.683675995688625611e+06
2.377086766347778961e+06
4.534807402361077257e+05
-1.054896720542793721e+07
-3.327563011126512662e+06
2.094461395765964873e+06
-1.994627880822210573e+06
-8.788566080386875197e+06
-3.075941816322664730e+06
5.856757479991512373e+06
-3.070185454717644956e+06
7.918856118582268246e+06
-1.209884554424053617e+07
-2.638258717318260111e+06
-8.844970606784570962e+06
1.483937492577154888e+06
4.432163747850188985e+06
4.207440414642515592e+06
-4.495637547689556144e+06
-6.522809028391432948e+06
5.683514186500665732e+06
1.962318713599891402e+06
3.768302654536611401e+06
9.045290726454128162e+03
-5.516981448088971665e+05
-1.423856249631281197e+07
-1.509257896943087690e+06
1.982572624343256699e+06
1.591172659692677110e+07
-8.078878097278387286e+06
1.030081410328153870e+06
-1.039358097677767277e+07
-7.067845244373707101e+06
1.076945312823161297e+07
-1.352424155121012125e+06
