-1.906374112741027860e+00
-6.684162127882392612e-02
1.841471815884878627e+00
3.266104344276533622e-01
-3.344842236123845014e-01
2.021515857375760783e-01
-6.838110871488499720e-01
8.233472602584660516e-01
8.178552193446138319e-02
-1.237282190840377771e-01
-7.352169199906416486e-02
5.773006843634533869e-01
-1.640749963205331008e-01
-1.662204392012650800e+00
-1.310116012992063039e+00
1.188498414932485314e+00
4.493430880435358987e-01
-1.487357382592353838e+00
7.192760090311295200e-03
-7.118394342676481745e-01
5.859788270223906942e-02
-2.659748231988007944e-02
1.374469053353140735e+00
5.625976719208052312e-01
-1.533869013247972868e+00
-7.618051699102233731e-02
-2.215995576599466832e-01
-1.891994588877216332e-01
-1.848152078327384151e+00
1.035290304933157879e+00
7.798269025102172458e-01
3.229555642925263093e-01
-2.433816989630780192e+00
-1.768472996450315415e-01
6.026699489835356527e-01
1.593796739575515264e+00
6.556243015750868874e-01
-1.762705441725662903e+00
-1.175671672595568928e+00
-3.246261519204069468e-01
3.086460992666256731e-01
5.105643371337315051e-01
-5.249509252451042274e-01
5.307109862438090797e-01
-5.562466630739500983e-01
9.982014321205530116e-01
2.217841381427693992e-01
8.300615384404059771e-01
4.036676825517323541e-01
2.333841008450867061e-01
