3.742194452160681486e+08
-1.644190284686310887e+08
2.965406282139803767e+08
3.015536437554938793e+08
1.553705307022037804e+08
1.350377241719256043e+08
-5.900571969639428854e+08
2.161684836901504397e+08
4.675775525002499819e+08
-2.428410134380139112e+08
-5.916375489692821503e+08
2.499374195830006003e+08
-1.954545617630450130e+08
-3.359074494075221419e+08
-2.242031147929311991e+08
9.432505981354109943e+06
3.848852569958080053e+08
2.196298334099701941e+08
-7.829367485356165469e+07
-8.103264888887551427e+07
1.101055239990242124e+08
1.944429156498007774e+08
5.305185577940192819e+07
2.174931393525853455e+08
-5.323093220255329013e+08
-4.185064152623117566e+08
-8.736434374170383811e+07
2.270725826979532838e+07
-3.022922464767342210e+08
3.784101603217645884e+08
-1.473778455228177607e+08
-1.847002356822899878e+08
-7.386511181964311004e+07
-3.250773681776702404e+08
-3.108499177209155560e+08
7.804726148495979309e+08
3.782496976577662826e+08
1.173874219632262588e+08
-1.621156180137293339e+08
-5.535715797567825317e+08
-1.953101199202361703e+07
-1.175398983711096346e+08
1.143038955140709728e+08
2.327006922953869998e+08
2.403689660623472929e+08
3.067255838546846509e+08
2.562376958854275048e+08
3.219020228637735248e+08
2.606540940562231541e+08
-1.266403148231189549e+08
