2.715844795876469135e+09
-9.334845311180286407e+08
1.217802285229732513e+09
1.191770686990316868e+09
-6.587055852455822229e+08
2.220070051383550465e+08
-2.282129927919998646e+09
2.269569683236644268e+09
1.960043683622341633e+09
-1.600075142262151957e+09
-4.032788987915329933e+09
1.053046073548173428e+09
-1.677938775150242567e+09
-2.962695994860376835e+09
-1.936339162373966694e+09
-7.130869950309154578e+06
2.452419954461981297e+09
2.315487108937348843e+09
-1.171838442819240093e+09
-8.182483021247541904e+08
6.685876278554060459e+08
1.498237075695159435e+09
2.141029355933085084e+08
1.866988493081897736e+09
-2.848316735272301197e+09
-1.958577621140622854e+09
-1.601875211105588913e+09
-4.730647045847146511e+08
-1.798291850461115360e+09
2.255229648694551468e+09
-5.171479447336181402e+08
9.670420593675883114e+07
-2.883967454828962684e+08
-8.145880504976546764e+08
-8.873968550237114429e+08
3.388825008619448662e+09
1.730681825327180147e+09
8.862660370930631161e+08
-1.276307147221754074e+09
-2.701228609295270443e+09
6.022317723932987452e+08
-1.020101519853331923e+09
6.067842112478555441e+08
1.478969791142859221e+09
3.074905807063171864e+09
1.576242278992896318e+09
2.386917415567050934e+09
1.529793724354769230e+09
1.602853157220197916e+09
-3.479774307203553319e+08
