2.014948954461834717e+10
-1.838088122487951279e+10
5.088531936982583618e+10
-2.041515266964386368e+10
-4.906037656629852295e+10
3.401933348501963425e+10
9.355217983948291779e+09
-2.228531639242296219e+10
8.957000906371130371e+10
-8.711017673257638550e+10
-9.293898868290534973e+10
5.766341091212079620e+10
-1.190749297505008507e+10
-3.233443792743363953e+10
3.166755643973510265e+09
6.041034652012050629e+10
2.785819060490292740e+10
-1.932567568869896317e+10
-6.793635359237215424e+10
-8.671096958839016724e+10
-4.186013700436388969e+09
4.640797726351329041e+10
9.907885351995350647e+10
9.286965326086407471e+10
-9.044621763453048706e+10
-1.660131344468519974e+10
-7.009277020582470703e+10
-4.441192489896167755e+10
-1.331910631451203918e+11
1.609906564146977234e+10
-3.466631340302950287e+10
3.983355808577615023e+08
6.607828379530072784e+10
-7.671475849391461372e+09
5.947056931924103737e+09
4.891700793416120529e+09
7.621280166220973206e+10
-8.612751928194749832e+09
2.577826928185375214e+10
-6.279944851658665466e+10
2.944796050687000275e+10
-1.386986582892027473e+10
-3.771860279162810516e+10
4.452942375227817535e+10
1.006851227063983917e+11
-4.573134200135498810e+10
-1.685821928964047813e+10
6.824234746622048950e+10
2.318600984516201019e+10
-3.287638790679872513e+10
