2.937789573153817749e+10
-1.560858277639140015e+11
7.366273111042121582e+11
-8.360430832189015198e+10
-7.878267439312129211e+10
4.503741233547088013e+11
1.550744546162214661e+11
1.160478277770118713e+11
6.221098316731795654e+11
-2.129314085303627014e+11
-2.457077347289960938e+11
-1.217279737741766205e+11
2.326889682657137451e+11
-1.311855329304195251e+11
-1.561498605013355713e+11
4.845941786751518555e+11
1.482527147160378113e+11
8.748234179584152222e+10
-5.454043093900745239e+11
-1.496367737799492798e+11
-2.341610368413957520e+11
2.980552763162196045e+11
9.324896210500476074e+11
3.877699792744663696e+11
-4.422555454336770020e+11
1.599883599992908325e+11
-6.408421699784703369e+11
-4.854641490717441406e+11
-5.672689736513995361e+11
4.982326555759206543e+11
4.715396966633335571e+11
-4.055807387322305298e+10
1.792107608918227234e+11
3.635113992775615845e+11
-3.075403365642216110e+10
-1.112646816092402496e+11
3.399411455373659058e+11
3.401769239843693542e+10
-7.528026427303039551e+10
-6.394836662446215820e+11
8.893869485521269226e+10
9.927287271552864075e+10
-1.651801688120173950e+11
1.997732776478825378e+11
2.991774505586842651e+11
-7.006340405759300537e+11
-2.414561868841812134e+11
6.844510284501199951e+11
6.454152150043445587e+10
-3.689032359099514771e+11
