1.221756124563999023e+13
-8.827655217198706055e+11
4.295743727761460938e+13
1.442409294176598633e+13
1.548463548828350000e+13
1.920533092977047656e+13
-5.265036317703324219e+13
4.105593674958776367e+12
3.864625303976175000e+13
-1.104044761406431641e+13
-2.339942373185642188e+13
8.290785416076166992e+11
7.275475015251716797e+12
-6.229065131175488281e+12
1.827698320539226807e+12
-9.883880987330548096e+11
2.772845532340875391e+13
1.554816207043259961e+13
7.952409123980450195e+12
-2.229304012188282715e+12
1.910534720287298438e+13
1.482661111809612305e+13
1.565188191308411133e+13
1.664011303796196289e+12
-4.637072332390360156e+13
-2.968755363992644922e+13
-1.027173085442807422e+13
-3.131801959265332031e+12
-1.902372134345110156e+13
3.874284349708425000e+13
1.560615196460525000e+13
-2.631784039382577344e+13
-2.317685296799330566e+12
-4.084325822097216797e+12
-2.310717199392135547e+13
3.451157794123691406e+13
1.650362028578381445e+13
6.410119821560673828e+12
-1.436407788465836523e+13
-1.514418718037595117e+13
-3.232945159377069336e+12
2.376532879784858887e+12
9.655906354509398438e+12
2.836453153845032227e+12
-1.290716240516054492e+13
1.537640964436426172e+13
3.177400201374755859e+12
2.106503868466410938e+13
1.167776901402175195e+13
2.703882504159901367e+12
