7.881473811368596000e+15
-1.969849831432318500e+15
-1.004433255197430750e+15
1.274273654779756000e+15
-8.215015613568627500e+14
-1.895296100194097188e+14
-4.475903013322571000e+15
1.751786269079827750e+15
4.309248914145717500e+15
-4.777560381547767000e+15
-1.197483672172117800e+16
6.849469511941995000e+15
-8.540930915508591000e+15
-6.467238940897116000e+15
-2.675744059520820000e+15
2.514273783503468500e+15
5.868743016100300000e+15
1.298073292439297000e+15
-4.359054939137354000e+15
-5.819063631477647000e+15
2.366670756779059500e+15
5.591808528511711000e+15
-1.818045175659079250e+15
6.826472597271311000e+15
-1.091423805833264200e+16
-7.110026710981586000e+15
-1.528313340059116250e+15
-2.565284883170428500e+15
-8.836075940047905000e+15
-2.238544302946457500e+14
-1.080800740807468400e+16
6.850342970511557500e+14
4.003149154245207000e+15
-5.390368025538121000e+15
9.768791323392025000e+14
1.074643332841453200e+16
1.154706664995933800e+16
6.249801563693130859e+12
-1.064711954855426719e+14
-6.766373186834826000e+15
2.306607220178424000e+15
-4.278528084775634500e+15
2.288837018448392500e+15
5.357413407749666000e+15
1.105687959606757200e+16
4.505642580108615000e+15
8.351903149457250000e+15
2.221952018719107500e+15
-8.943592646068326250e+14
-8.029863460937920000e+14
