5.819386432286927104e+07
6.087304852664878126e+05
4.817175895268812776e+07
3.339803594506011903e+07
3.046442161531008780e+07
3.905130508766540885e+07
-8.956056132541304827e+07
7.920868282738810405e+06
9.769177145973047614e+07
-7.036986838355298096e+04
-5.356027448309344053e+07
4.296338121818472282e+05
-1.282504112071905984e+06
-2.849087265044162050e+07
-2.654091959632909298e+07
2.393319862858803943e+07
5.489051200812169909e+07
2.200180411802394316e+07
1.297774220373628195e+06
-8.934099797210427001e+06
1.224171040016308427e+07
4.167662904811230302e+07
2.317929584253865853e+07
2.161191281262123212e+07
-8.516861318068587780e+07
-8.181886175060731173e+07
-2.560490046798171103e+07
-8.649784389675983693e+05
-5.588281984017926455e+07
6.644561041486389190e+07
-3.448312302106535528e+06
-3.719007236562786251e+07
2.527719185427098535e+06
-2.264666709903905541e+07
-3.884240452031727135e+07
9.333193893512107432e+07
7.474407910077652335e+07
1.584142644617318176e+07
-4.768300909764326364e+07
-7.359351574027204514e+07
4.459676344555919990e+06
-2.540593181319308653e+07
4.490650481458235532e+07
3.632665428977824003e+07
1.579705295062408783e+07
3.033005769167884067e+07
2.647241188937514275e+07
4.575347398784074932e+07
6.962459463644100353e+06
4.146528761460944545e+06
