-1.230254445748579561e+00
-7.026019777442338299e-01
-9.510014351358873075e-01
3.631946401817888748e-01
-5.389969001548899907e-01
1.695461437721912601e+00
-8.910442849940305998e-02
-7.995386876926002806e-01
6.873271046749190871e-01
-2.635095436835228067e-01
6.336986278794537464e-01
-1.247419976845622669e+00
5.756993921124711200e-01
1.431174222417521680e+00
-2.084903016584129520e-01
7.668873594796915549e-01
-9.308833490743683159e-01
-1.162858615183225863e+00
-5.514216989060667373e-01
4.504849770788416086e-01
-3.639392537443770781e-01
2.528357651360516392e-02
-9.870425066396006919e-01
7.631415317109552232e-01
-2.948856426274543696e-01
-1.501756256762888375e+00
1.326116992619579549e-01
-7.149626071446661957e-01
9.619524116710709283e-01
-2.110422865870071440e+00
