5.361496600120799065e+09
3.329437155222578526e+09
-6.033198769319952726e+08
3.722421274216289997e+09
-1.755086501544483006e+08
8.944730832173031569e+07
1.671457031755559921e+09
1.498177897024245977e+09
4.870722009975014687e+09
-1.036747839261126757e+09
-6.859387411547821999e+09
-8.023338488223316669e+08
-1.872539439673912764e+09
-3.678956865694662094e+09
1.784214625399251699e+09
-3.650591250384099960e+09
-4.253710735090578079e+09
6.366235326337294579e+08
1.447133339892667770e+09
9.071890753526978493e+08
3.609430820869777679e+09
-1.492974019675869942e+08
-4.418412228842898369e+09
5.064760942993609428e+09
-3.849304001649535298e+08
8.165793541254367828e+08
-1.415386947131037712e+09
-7.699642060222426653e+08
-4.627452151213073730e+09
8.841673174837574363e+07
5.890711259569857597e+09
7.287180963394473493e+07
-2.290040742642998695e+09
7.211645158916463852e+08
-2.525794089341370583e+09
-1.333511737466564894e+09
-1.811533773957685471e+09
-8.908476293403401375e+08
9.300167152179011106e+08
-1.569895751463350296e+09
-1.836770992695610225e+08
-6.934567096357805252e+09
-1.153960220110517025e+09
-1.227203091033167362e+09
-2.095342657119322777e+09
3.245364432842752934e+09
3.997005672393871307e+09
-9.375171638083540201e+08
-2.387354468471626759e+09
1.951446036918923616e+09
