1.231619919552530348e+08
3.947319362308163941e+07
2.070263636401891410e+08
5.100540419590131193e+07
5.738386425249198675e+08
-3.014236720549610257e+08
-8.644151633299764991e+07
3.623821347341929078e+08
-1.167795850810909420e+08
-2.210030214088043869e+08
4.249673905758639798e+06
-9.992870408324027061e+07
-3.771865180892779827e+08
2.801477489588938355e+08
-7.076816024304966927e+08
-9.697273041746850014e+08
7.150122761743264198e+08
-1.494503885992584229e+08
3.791437869403605461e+08
-2.529114974815963767e+06
-2.746786697105515003e+08
3.338683155988534689e+08
8.855187161356327534e+08
7.901231305820378661e+07
1.099048109596554637e+08
-8.065643281246200800e+08
1.329879347351321131e+08
-2.406280205879911184e+08
-8.248540116363252401e+08
-7.789563131739836931e+07
