3.164700964794001953e+12
6.625855831753197479e+10
-1.210281992059249756e+12
2.962305225435005493e+11
-4.358612970020221710e+10
5.178206769876672974e+11
-9.837004767155498047e+11
9.780526162598677979e+11
2.589538201314256348e+12
5.837862020654107666e+11
-1.477964915785598877e+12
-1.331093389812366699e+12
-1.872061746083661621e+12
-4.662525960560929565e+11
1.232097013014958252e+12
-1.363555787914866455e+12
-7.655679088541907959e+11
7.394114091817382812e+11
6.498006668676971436e+11
-5.900724476469222412e+11
4.029528459789320679e+11
1.174343211790215820e+12
7.911955522488832092e+10
1.698548727304685303e+12
4.924285970325740967e+11
-1.965223744901692810e+11
9.001514160699146729e+11
8.190005961180805664e+11
-4.460924553822066040e+11
-1.282479274282329346e+12
6.086215771185478516e+11
-6.552153542536529541e+11
-9.427215973655052490e+11
4.569552492119675293e+11
-1.770894300863908447e+12
-4.273601918211870728e+11
7.065415394304886475e+11
5.392675704751021729e+11
2.517651637802730408e+11
4.888658607963090820e+11
1.949949642922087646e+12
-1.019340183611948853e+12
4.028894016689580078e+11
-8.347074849709122314e+11
1.347599316877548584e+12
1.828895144914518066e+12
1.058722293508287842e+12
-3.180157324221230469e+11
1.421538995809060059e+11
1.064291318468743164e+12
