7.731822333728297119e+11
2.133266142481971924e+12
4.329131671974596191e+12
-3.878227733648508789e+12
-3.378819700504659668e+12
2.243217922106325684e+12
1.685327631997808594e+12
-4.379603186062270508e+12
-4.817221777313611328e+12
-4.719669867393478516e+12
-2.987468378200459961e+12
-3.954408565061989258e+12
-6.531130365517175781e+12
-6.426041738750726562e+12
-8.758780989737539062e+11
-8.208245286866272461e+12
3.367733246521389160e+12
-3.865978258957363770e+12
6.886442958235402832e+11
3.839115610382254395e+12
-2.034653082752599121e+12
-1.974071704586774902e+12
-3.225800637259332520e+12
-2.003985896966630615e+12
2.880583375816098633e+12
-3.127789379573598633e+11
5.316384123289314453e+12
1.598608875981110840e+12
2.833519491453573242e+12
6.615689135819548828e+12
