-8.701464875539255000e+14
4.041812667939064375e+14
3.111366258082153000e+15
1.016239004734138400e+16
-1.088784071169093800e+16
5.073825702118397000e+15
3.697907138996843500e+15
8.317560843172611250e+14
-2.524453831104741500e+15
-1.184492870024570000e+15
-9.744266912455302000e+15
7.139414958565201000e+15
-3.408853161507021500e+15
-1.504317831230162188e+14
1.339314027723237750e+15
2.244954601243600250e+15
-8.248091747318307500e+14
-1.368852469149010000e+14
5.808349098625412500e+14
8.050750923094191000e+15
5.407661576103459000e+15
-6.228439961415139000e+15
-3.098682887502810500e+15
2.621766951534509500e+15
2.372515322912785500e+15
3.320003690186354000e+15
-6.264980833400406000e+15
5.480988479191163000e+15
1.852416186421840000e+15
-2.253471080770503500e+15
2.125571771217272000e+15
2.056125707628679250e+15
-7.339122560331089000e+15
-8.281667137902796000e+15
-9.292606096823226250e+14
5.148571877012185000e+15
1.211553859853004750e+15
1.293308072933093750e+15
5.325685261676941000e+15
-4.897033566310477000e+15
-1.874230030357914062e+14
-9.310735175386730000e+15
1.309169233873450000e+15
-3.847677357566846500e+15
5.162911394202623000e+15
5.198150059564822656e+13
6.147402492760513000e+15
2.006718458078112750e+15
1.115252149051783125e+15
4.064417263899364500e+15
