-8.301230140387532812e+13
-2.321473919481511719e+13
-1.319444701575175586e+13
-7.864622814096731250e+13
2.423557864750521875e+13
4.047862137143955469e+13
-1.305950106466168906e+14
-1.882740414750740625e+13
5.305071000938910156e+13
1.735510063117050000e+13
4.038484879985694531e+13
1.468632189576012305e+13
-1.232575381993077812e+14
-2.659912593616455460e+10
6.211169736260673438e+13
-6.034115679433134375e+13
1.051162220508368750e+14
-1.571277756336064062e+14
-7.101261881127617188e+13
6.540616082662523438e+13
-6.541327292005199219e+13
-5.420235229985503906e+13
9.587059894816889062e+13
-1.968747627410368750e+14
-9.097134401800503906e+12
4.052612431882924219e+13
8.774685587921317188e+13
9.067376079586842188e+13
2.971340027116630000e+14
-1.002136831422949688e+14
