4.165973393969345920e+17
-1.631985069636124160e+17
-9.628694330875908000e+15
-2.310232161036473280e+17
2.870566494295455680e+17
9.359640754301955000e+14
-2.350994550659581440e+17
2.184722664224583680e+17
3.392115905799107840e+17
3.664511807715267200e+17
1.930530492947864320e+17
-6.993791524405562880e+17
1.747289290045998720e+17
2.801722698189451600e+16
2.412088565974985600e+16
-4.205559375265905920e+17
2.241666566604919360e+17
3.204833079109277440e+17
4.926635728176449600e+16
-5.087663105444344320e+17
1.727728939386268480e+17
3.630525298260005760e+17
-1.207446002646756800e+17
3.244872987812832000e+17
1.601873565729072320e+17
-2.438930879784934400e+17
6.733467134224389120e+17
9.511465287981982400e+16
2.669864556262209280e+17
1.043246933666368320e+17
-2.623137308171545280e+17
-3.185006703712720640e+17
6.800203621149859200e+16
2.435048650987861760e+17
-2.368907809782354000e+16
-4.233017558840858880e+17
4.709635586865355520e+17
5.681402218046277600e+16
-1.733328217078257600e+17
3.934185132581976960e+17
1.427927746319997760e+17
1.451832220286578240e+17
2.119498060827772160e+17
9.917391393301627200e+16
2.078762794190895360e+17
4.614006386208048640e+17
2.964076207450760400e+16
-3.142925420112635520e+17
2.765107711220714000e+16
1.283271345134809920e+17
