-1.270995701894309326e+12
9.127994981164809375e+13
2.171992140691787188e+14
-4.356939437076628125e+13
-1.771618131716107812e+14
-1.027438256277787969e+14
1.319022420362499531e+14
1.797823919993990938e+14
-7.500996527033359375e+13
9.489864541595607812e+13
1.512767997446358750e+14
1.024862581859957969e+14
3.482636188649409766e+13
-5.295857383507925781e+13
6.035265199263061719e+13
1.695769714828610312e+14
-1.132589299361964062e+14
-9.847921931300621875e+13
-1.072369850839824688e+14
-1.047774138302936719e+14
1.034379004596427969e+14
1.992897628732579297e+13
-1.376169182847068945e+13
2.107596786042604297e+13
-5.587299362393277588e+11
7.572630077725228125e+13
5.008512063657385938e+13
-1.822511786425802812e+14
-3.200858566824933984e+13
2.285823015560208438e+14
