-5.365118449252636638e+05
-2.731267700328014325e+05
5.020571901339928154e+05
2.684838325891226996e+05
-2.453223368264115707e+05
-1.551129650363043474e+05
2.868176914903775323e+05
5.994988481933104340e+05
1.855227929510886897e+05
1.380148352323904983e+05
2.301228732145137619e+05
-7.860588902603116003e+04
2.079728607441383065e+05
-8.282088794518541545e+04
2.699575933211783995e+05
-3.431474126216599834e+05
-2.276279644333523538e+04
2.039042624516056676e+05
-1.642424827168147604e+05
-3.128852179301865981e+05
-2.996650671221406083e+05
-1.708744221554042306e+05
3.191296509323208011e+05
1.934289646805681114e+05
-3.755428157849691343e+05
1.496075343660726212e+05
2.980584072009120719e+05
-1.435177769958692079e+05
-1.099991146213491593e+05
-1.895433567912161816e+05
