4.311098078444807907e+05
2.515862831871745875e+05
-1.158064441852669930e+06
1.640233806742100278e+06
-1.785995461306599202e+06
2.105252832374416292e+06
2.108561138706814963e+06
1.641241713808058761e+06
4.232257272146878764e+06
-2.270827147677547473e+05
-2.303702457274032291e+06
-5.951064962906459114e+05
-2.516691713497719727e+06
1.667742246695008595e+06
-1.743694339790280908e+06
-1.261034407933937153e+06
4.461166956214815145e+05
2.516030432683039457e+06
6.680507419663907494e+05
2.194144082056850602e+05
-1.512717330172503134e+05
-3.300780946162675973e+06
1.882334735697581898e+06
-1.530623014447199414e+06
1.561825927599784627e+05
1.098179202038848074e+06
1.415585575396000408e+06
3.486333573927601537e+04
5.429910630356034962e+05
-4.870528091284043330e+04
