1.721246986268308759e+07
5.929899584085806273e+05
-1.012501015550806932e+07
-1.865796833489344642e+07
1.131255017204477079e+07
-5.398405395030093379e+06
8.165361757643989287e+06
-8.668181708940705284e+06
2.035552799880744144e+07
5.775130086149206385e+06
-1.268698029922561347e+07
-1.049378541714384034e+07
-1.402260681612134445e+06
2.536725661822302791e+05
-3.088536213832799345e+07
2.413544295476779342e+07
1.349147218607856147e+07
1.581983129787527211e+07
-7.954156044115859084e+06
-7.143800743855436333e+06
9.753972398680338636e+06
4.078357824395783711e+06
1.131609885534250364e+07
4.917333787604228593e+06
2.315921576287464239e+06
5.879558360684908926e+06
-7.721838690853647888e+06
-6.112870717014956288e+06
2.397778041147122905e+07
4.754307570996996015e+06
