[[ -4.45139825e-01   1.18695820e+00   7.99603866e-01  -5.56986851e-01
   -2.52374466e-01  -8.60937837e-01  -8.36721264e-01  -1.27499871e+00
    1.25074807e+00  -1.30825779e+00  -4.54303091e-01   2.63682148e-01
   -5.01431755e-01  -9.90419229e-01   2.05223520e+00   7.74504208e-01
   -5.90767326e-01   5.98815449e-01   4.86971405e-01  -5.15217050e-01
    5.97727277e-01   5.93626925e-02   1.74413080e+00   5.89099993e-01
    1.49783041e-01   8.99834311e-01  -4.65397038e-01   1.00321217e+00
   -1.18504671e+00   1.83046514e+00]
 [  1.06014991e+00  -6.98550099e-01  -1.49490603e+00   4.94885125e-01
   -2.11391225e+00   5.96171501e-01  -4.64446743e-01  -5.87037651e-01
    4.10189289e-01  -6.59487633e-02   1.38721805e+00  -8.49422581e-01
    5.89558490e-01   5.84120803e-01   1.29897930e+00   4.60815041e-01
    9.77588112e-03  -3.22175739e-01  -1.28681193e-01   6.02795063e-01
   -5.07383275e-01   8.55131983e-01   2.57011451e-01  -1.03602630e+00
    7.36267063e-02  -6.67439182e-01   3.27495860e-01  -1.11545160e+00
   -1.19924685e-01  -6.97599851e-01]
 [  4.71037661e-01  -1.15978541e+00   6.80388880e-01  -9.11123935e-01
    6.77183491e-01  -1.23597795e+00  -3.62462007e-01   1.04158336e+00
   -1.12753779e+00  -9.24075487e-01   7.51794799e-01  -2.18039856e+00
    1.30584583e+00   8.61858474e-01  -1.60963664e+00  -1.29828674e+00
    1.99479863e+00  -1.04151067e-01   7.65954616e-02   2.59512467e-01
   -5.74672486e-01  -2.45792796e-02  -4.42341016e-01   3.10092204e-01
   -9.31970364e-01  -1.57593055e+00   1.05744371e+00  -9.37416249e-01
   -1.03344954e+00  -6.51666527e-01]
 [ -5.12298994e-01   9.45571468e-01  -5.71320218e-01   1.37285484e+00
    2.41934097e+00   6.41378137e-01   3.09275183e-01  -1.98738486e-01
   -4.43558480e-01   2.41121871e+00   1.23505698e+00   1.10281494e-01
    5.31104388e-01   1.30361193e-01   2.63698190e+00   8.72445996e-01
   -3.13211690e-01  -3.14271889e-01  -1.53799857e+00   4.26202092e-01
   -3.27401070e-01  -4.90172259e-01   2.33446952e-01   1.25306128e+00
    1.35147689e-01   1.63968393e+00  -1.30853578e+00  -3.11630394e-01
    5.59718233e-01   7.49148183e-01]
 [ -6.91889520e-02  -1.45916243e+00   6.41081714e-01   3.73845784e-01
    7.72912827e-01  -1.87670434e-01  -1.85361827e-01  -1.44460244e+00
    2.12291006e+00  -3.92568588e-01   1.58528450e+00  -4.86306142e-02
   -7.47120158e-01  -1.05731058e+00   7.30532791e-01  -6.42976323e-01
   -1.19916220e+00  -3.31603609e-01  -4.90737626e-01   5.49935243e-01
    1.46005947e+00  -4.09863036e-01  -8.80600265e-01  -1.33872096e+00
    6.88337207e-01  -1.07926581e+00  -4.38865806e-01  -3.25081085e-01
    1.21176963e-01   7.03000350e-01]
 [  2.81749716e-01  -2.65246243e+00  -4.40599715e-01  -6.58644773e-01
   -1.80535754e+00  -2.67989196e-01  -1.50816860e-02   7.34017842e-01
   -3.61677163e-02  -1.86683345e+00   1.87032715e-01  -1.94592824e+00
   -6.99921940e-01   6.85174169e-02   8.51665670e-02   5.90756570e-01
    1.34724294e-01   4.70929638e-02  -5.81818436e-01   1.87011700e-01
    5.91310633e-01   2.95879978e+00  -2.56735526e-02  -1.16716617e-01
    6.28629230e-01   1.21923901e+00   1.51553627e+00  -1.32176463e+00
    5.61810318e-01  -2.56398845e-01]
 [  5.35108949e-01  -4.52889751e-01   1.64848913e+00   1.93795848e+00
    1.11402757e+00   8.73290182e-02  -3.75731902e-01  -6.26464119e-01
    6.12713399e-02   6.89178176e-02   8.47452457e-01   1.36830527e+00
   -6.19135010e-02   9.24527422e-01  -6.49614476e-01   3.04816950e-01
   -2.77011752e-01   7.62350608e-01  -1.97056405e-01  -3.86592311e-01
    5.18254477e-01   1.26930675e+00  -1.43942733e+00   1.33084826e+00
   -2.55933871e-01  -5.91566534e-01  -2.14805751e+00   7.86584149e-01
   -2.16989172e-02  -1.54045447e+00]
 [ -2.90130974e+00  -8.05907583e-01  -6.78254131e-01  -3.15803406e-01
   -3.54237792e-01  -6.02236255e-02  -6.08391677e-01   9.49920426e-01
    2.66521645e+00   1.87617251e+00  -7.18238177e-01   1.42117856e+00
    6.86226181e-01   4.39714486e-01   4.94002848e-01  -1.07667252e+00
    7.92145153e-01  -1.70998583e+00   1.53277610e-03  -2.40762603e-01
    9.93573928e-03   9.74661052e-01  -1.22252800e+00  -1.39986600e+00
    1.00466131e-01   1.10320240e+00   5.55520557e-01  -2.61250587e-01
   -7.03737170e-01  -1.72486206e+00]
 [ -1.39558153e-01  -1.77462122e+00   2.88473475e-01   1.83315712e+00
   -6.88311221e-01  -2.15343642e+00   1.43586834e+00  -1.99539643e+00
    1.19186099e+00  -2.50446225e+00  -1.25699469e+00   2.64658549e+00
   -3.45842491e-01  -1.32392426e+00  -2.97613008e-01  -1.29782791e+00
   -2.33882234e+00  -4.57297017e-01  -1.95462228e-01   6.52283924e-01
    1.98156784e+00   1.05032239e+00   1.67978207e-01   4.19359771e-01
    1.38148057e+00   7.22741168e-01   1.73529938e+00  -2.15928449e-01
   -1.77895386e+00   6.33271700e-01]
 [ -1.15719497e+00  -1.12814202e+00   3.10488792e-01  -8.97884936e-01
   -8.34207999e-01   1.24560804e+00   4.96991294e-01  -8.26408496e-01
   -1.51631820e+00   1.01427206e+00  -5.07382864e-01  -6.34309489e-02
   -1.82906654e+00   1.16300094e-01  -3.25187412e-01   1.12684396e+00
   -1.53512244e+00  -4.90752062e-01  -5.28543106e-01  -8.53905579e-01
    8.14433249e-03   6.43671342e-02  -6.51257345e-01  -6.24252953e-01
    5.79218600e-01   1.09704225e+00   1.14310094e+00  -7.28389397e-01
    8.38633770e-01  -4.91427679e-01]
 [  1.34721570e+00   9.05249861e-02  -7.92012438e-04   3.38829663e-02
   -1.32688591e+00  -3.34962583e-01   2.89866915e-02  -8.61894444e-01
   -3.79901733e-01   8.68107900e-01   1.47735846e+00  -7.10677272e-01
   -7.71593825e-02   1.94035849e-01  -8.84617937e-01  -5.08397274e-01
   -3.77726115e-01   1.27907341e+00  -2.78461374e-01   2.93689182e-01
   -4.51317698e-01  -1.07235100e+00  -1.37646843e-01  -1.31772820e+00
    2.57639118e-01  -1.42795245e+00   6.73619592e-01  -1.87190010e-01
    1.57487264e-01   1.61837240e-01]
 [ -4.80022046e-01  -5.40772018e-01   9.34044858e-01  -1.56710836e+00
    1.49482682e+00   9.66257588e-01   1.23664465e+00   7.48545303e-01
    7.33186031e-01   1.81284140e-01   8.73840241e-01  -2.80615139e-02
   -1.02526825e+00  -1.48259714e-01   1.17000560e+00  -3.77159262e-01
    3.95778179e-01  -8.68575993e-01   9.26696452e-02  -3.89050579e-01
    5.63406230e-02   7.92362866e-01   7.43961956e-01  -2.81354004e-01
    2.01293891e+00  -2.63220909e-02  -1.18701788e+00  -1.44137027e-01
   -1.14035554e-01  -4.13398193e-01]
 [  3.99472411e-01  -1.03342390e+00  -8.49585862e-01  -1.45278224e+00
   -1.79924575e+00  -5.20654091e-01  -6.31392840e-01   8.69455626e-01
    7.29452713e-01   1.88728605e-01  -1.57097248e+00   1.52127378e+00
    6.59784764e-01  -1.09981026e+00   6.95026542e-01   1.18031165e+00
   -1.02671734e+00  -1.21110042e-02   9.54116601e-01  -2.20656973e-01
    2.16688079e+00   1.02913861e+00   1.49029291e+00   2.01089559e+00
    1.60945559e+00  -7.32072808e-02  -1.14383342e+00  -6.95343682e-01
    7.20793825e-01  -1.87823081e+00]
 [  1.85386177e+00  -6.31087878e-02  -1.18501092e+00   1.61858759e-01
    6.97013516e-01  -5.13080222e-01  -6.82368299e-01   7.83741942e-01
   -6.53016082e-01   1.69635086e+00  -5.46166659e-01   2.15826120e-01
   -1.26887089e+00  -2.97297563e-01   1.55483339e-01  -5.55553038e-01
   -5.83056210e-01  -3.00260305e-01   1.60555951e-01   1.33581018e+00
   -4.76265618e-01   4.66355610e-02  -1.21611005e+00   7.27799042e-01
   -1.32734135e+00  -3.80759112e-01   9.19601469e-01   8.66183426e-01
   -1.13990585e-01  -2.62441131e-01]
 [ -1.03378757e+00   5.42503829e-01   2.12665058e+00   1.51214709e+00
    1.44040692e-01   1.01085613e+00   8.32805440e-01  -5.31052539e-01
   -1.84580048e+00   8.53769664e-01  -8.20878766e-01  -1.68033892e-01
   -5.37464169e-01   1.01714218e+00   2.28922637e+00   1.90172123e-01
   -9.52290458e-01  -1.55377259e+00   8.69941511e-01   1.50414111e+00
    1.61303608e+00  -3.37520403e-02  -7.41781945e-01  -5.88289567e-01
    2.97508364e-01  -1.39264322e+00  -1.10748865e+00  -1.87849481e-01
    3.00810422e-01  -7.80948807e-01]
 [  7.05051882e-02  -5.13281802e-01  -1.01762370e+00   4.58343878e-01
   -2.63637187e+00   1.57582136e+00  -3.89861440e-01  -8.40807563e-01
   -5.77353311e-01   3.19023422e-01   1.02488854e+00  -1.97723421e-01
    2.19543484e+00   1.33209082e+00   9.53448342e-01   6.74893378e-01
    3.99231554e-01  -2.07636498e-01  -6.41138763e-01  -1.25160074e+00
   -7.95726066e-01  -2.85683976e+00  -6.04121565e-01  -7.03581613e-01
    2.26099794e+00   2.47929592e-01   4.09369412e-01  -3.52539301e+00
   -7.84083049e-01   8.18692533e-01]
 [ -8.71242525e-02   3.25548808e-01   1.20995040e+00  -2.03707992e-02
   -1.08745493e+00  -7.89685361e-01   8.50718285e-01  -7.44603576e-01
   -4.55023006e-01   7.48062414e-02  -1.20690335e+00  -8.71711544e-01
    4.01320626e-01   1.08283265e+00  -6.90500286e-01   1.08396517e+00
    1.87801048e+00   4.57002838e-01  -7.85010749e-01   8.59628948e-01
   -1.09730808e+00   1.82841565e-01   7.04617178e-01   1.66566689e-01
    1.01992433e+00   1.29922379e-01  -3.85437203e-01   1.21642732e+00
   -2.08042770e+00   6.78233714e-01]
 [ -8.77565728e-01  -6.27694240e-01  -3.14717892e-01   1.19834898e-01
   -1.44738956e+00  -7.49000006e-02   1.20412294e+00   3.73113393e-01
   -3.95084951e-01  -4.11929311e-01   1.92583295e-01  -1.31744698e+00
    4.27412918e-01   2.34935336e-01   1.51991149e-01  -2.86545744e-01
   -5.77705331e-01   2.29652608e+00   7.15989070e-01   8.32766383e-01
   -1.12155683e+00  -1.12928353e+00   9.65715431e-01  -3.96247901e-01
   -1.96785617e+00  -4.72624891e-01   1.32969851e-01   1.31256576e+00
    1.06139131e+00   2.23254191e-01]
 [  1.28498679e+00   3.54410519e-02   1.33278504e+00  -4.92072063e-01
   -2.01326230e+00  -1.29463036e+00   8.11182982e-01  -1.29380581e+00
    9.90430669e-01  -7.34500727e-01   4.09698763e-01  -4.23740646e-01
   -3.02964703e-01  -3.56384892e-03   6.49576309e-02  -9.23511259e-02
    9.62701517e-03   2.25301819e-01  -1.64117782e+00   1.59115685e+00
    4.04774657e-02  -9.36629009e-01  -1.10667407e+00   4.36133425e-01
    1.13651156e+00  -3.21231963e-01   3.46456509e-01  -8.49933926e-01
    6.51560188e-01  -2.08900793e+00]
 [  3.95551369e-01   7.06828108e-02  -7.57810899e-01  -5.68759773e-01
    2.26463131e-01   1.30472314e-01   8.20110186e-01  -6.79461968e-01
    1.05015810e+00  -5.68340440e-01   6.71904572e-01  -1.94798365e-02
   -1.18868735e+00  -9.08988391e-03   6.86727833e-01   9.50594668e-01
    9.66605900e-01  -7.24047677e-01  -1.64718527e+00   1.32032229e+00
    4.68930628e-03  -9.87260255e-01  -5.48722297e-01  -4.90304964e-01
   -3.54812964e-01   8.13698552e-01  -1.46271686e+00  -4.72458956e-01
    2.75016760e-01  -1.02351917e-01]
 [  8.35178421e-01  -1.46394553e+00   3.72220135e-01   8.59250283e-02
    1.47468456e+00  -2.51119058e+00  -5.67347567e-01   4.62368583e-01
   -1.15110753e+00  -5.52064694e-01   1.52379550e-01   9.56136088e-01
    1.40553342e+00  -3.26004965e-01   1.02757568e+00   6.76882763e-01
    1.32901086e+00   1.19135428e+00   1.65521857e+00  -7.65575567e-01
    4.90972404e-01  -5.03843761e-01  -1.15821409e-01   3.09171475e-01
   -4.67346534e-01   1.72106069e+00   4.84442141e-01  -1.28051004e+00
   -8.30100177e-01   1.72951328e+00]
 [ -1.06828431e+00  -1.20431441e+00  -1.50863913e+00   1.05057114e+00
   -6.07671129e-01   9.83074288e-01   3.17698071e-01   1.51962796e+00
   -3.00261676e+00  -5.45960741e-01  -4.13672918e-02   1.15270385e+00
    1.17742272e+00  -6.97949896e-01  -4.47608068e-01  -1.61026493e+00
    1.65009983e+00  -6.87961842e-01   2.98227459e-01  -3.29260352e-01
    9.24702766e-01   1.40377076e+00  -7.08482691e-03   4.53038573e-01
   -1.04196877e+00   2.33621665e+00   5.24192351e-01   6.12325200e-01
    5.97374889e-01   2.63287949e+00]
 [ -4.58923083e-01   2.03013125e+00  -1.66918648e+00  -4.85469776e-01
   -1.33557772e+00   4.27761644e-01  -2.00025069e-01  -1.00920590e+00
    7.27292061e-01   2.22738080e-01   1.71273459e+00  -9.73845075e-01
    1.63386047e-01   1.41889933e+00   1.25600897e+00   6.63793302e-01
    5.94375832e-01  -5.57468567e-01   1.72836780e-01  -1.81629732e-01
    5.57906892e-02   7.07085115e-01   1.24497139e+00   1.22941530e+00
    1.79445679e-02  -3.38100350e-01   7.46671773e-01  -2.35918002e+00
   -2.68215004e-01  -1.53547452e-01]
 [  1.29462914e-01   4.72791954e-01   3.15111740e-01  -2.86379029e-01
   -8.78289928e-02   1.59415667e+00  -1.56862262e-01   6.12466201e-01
    4.27589405e-01  -6.68367319e-01  -4.68237719e-01   2.63404421e+00
   -4.32014187e-02   2.10148405e-01   2.40382869e-01   1.21747455e+00
   -1.35058454e+00   3.23735307e-01   6.40854389e-01  -1.98446593e+00
    4.68601550e-01  -2.87301154e-01  -2.30602371e-01  -1.57420023e-02
   -1.17473513e-01  -4.53491403e-01  -8.89882175e-02  -1.20101247e+00
   -6.15418890e-01  -1.16352039e+00]
 [ -8.51881382e-01  -3.37784675e-01   1.97705347e+00   7.57184888e-01
    1.07063119e-01  -4.19898479e-01   2.16271177e+00   1.84010596e+00
    9.21076996e-01   1.24972709e-01  -4.65113717e-03  -4.70195384e-01
   -1.75776298e-01  -1.46645024e+00   7.62581357e-01  -1.08749466e-02
   -7.16635060e-01  -8.63637080e-01  -2.22695076e-01   5.64592880e-01
    6.68144716e-01  -5.34607801e-01   1.08208199e+00  -3.75788918e-01
   -1.38688796e+00   1.62377522e+00   7.21563611e-01   9.89456055e-01
    1.46682670e+00  -2.33813216e+00]
 [ -4.51936195e-01  -2.58473963e-01   6.62406486e-01   9.01269480e-01
    7.78038929e-01  -3.10053604e-01   7.63042204e-01  -3.78123837e-01
   -8.74999483e-01   8.82618624e-01  -1.10452547e+00   5.49918333e-01
   -1.93022996e+00   1.28035334e-01   3.43611412e-01   1.51719275e+00
   -1.03429457e-01   5.87030397e-01   1.30302897e+00  -8.03985270e-01
    3.24639544e-01   2.62624739e-02  -2.35787889e+00   2.27139791e+00
    3.54998099e-01  -5.69724913e-02  -1.10719889e+00  -5.70965361e-01
    1.34493122e+00   4.95987773e-02]
 [  4.49055408e-01   4.59484891e-01  -6.47129352e-01   1.82244045e-01
   -1.00662747e+00  -2.12121092e-01  -3.19846620e-01   1.28009577e+00
    5.66917905e-01  -7.67836885e-01  -3.37622079e-02   8.40522435e-01
    1.27807587e+00  -2.57033116e-01   4.28222479e-01  -8.15672814e-01
    5.08360626e-01  -9.67085291e-01  -1.73763249e+00  -3.98004345e-01
   -1.15077812e+00  -1.40917417e+00   1.12277963e+00   9.86373245e-01
   -7.76837478e-01  -6.45993270e-01   8.87776827e-02  -4.46552742e-01
   -7.11636993e-01   2.78337246e-01]
 [ -1.04737405e+00  -1.32545400e+00   1.40490663e+00   5.13856466e-01
   -1.73758717e+00  -1.50968515e+00  -1.03473611e+00  -1.26979185e+00
   -8.77955583e-01  -1.01171057e+00   2.09788883e-01  -1.28623660e+00
   -8.87829056e-01   1.21087612e+00  -1.49230000e+00   3.88206078e-01
   -6.57432795e-01   8.20450914e-01  -6.60463388e-01   1.38317548e+00
   -1.16861850e-01  -1.05408843e+00  -1.67287035e-01  -7.21716384e-01
   -1.31154576e+00  -3.97738462e-01   2.16044584e+00   9.69635829e-02
    7.88879940e-01  -1.11247223e+00]
 [  1.53537143e+00  -2.41362785e-01   4.11132315e-01  -1.28103321e+00
    1.06309001e+00   4.10726769e-01  -2.22312361e-01  -4.35012977e-01
   -1.54487586e+00   1.08277281e+00  -2.75489616e-01   1.93031282e-01
    6.34177046e-01   1.68113314e-01   9.65965260e-01  -2.02780823e-01
   -1.20126976e+00   8.91985660e-01  -9.50090500e-01   3.77761857e-02
    1.45558178e+00  -9.15473025e-01   6.51860855e-01  -5.64211718e-01
   -1.68817308e+00  -3.06963698e-02  -1.03200959e+00   7.16325934e-01
   -3.95330810e-01   3.25856166e-01]
 [ -8.63270719e-02  -3.05276635e-01  -3.70578454e-01  -1.74032393e+00
   -1.50231616e+00  -5.66910750e-02   4.01989507e-01  -5.22531224e-01
   -2.46617837e+00  -8.97047591e-01  -1.07993799e+00  -5.75419987e-01
    1.96794950e+00   1.15164314e+00  -1.38327168e+00   4.44947144e-01
   -2.62026253e-01  -2.85516134e+00  -2.12250445e+00   2.78668406e+00
   -2.59662583e-01   1.11476309e-01   1.60831233e+00   6.95158143e-01
    9.88741029e-01   2.20114608e+00   1.74636058e-01  -1.08289647e-01
   -2.50224698e-01  -9.74017571e-02]]
