-4.096206622521906815e-01
-1.091664335014319587e+00
6.349749750175920360e-01
3.460575473775706068e-01
-4.098895254575767866e-01
1.166910335649786523e+00
-1.322297145032075849e-01
-1.360683310179096051e-01
-1.850887924956934105e+00
-3.545096849277574180e-01
-1.031100761950292100e+00
-1.769503615102039129e+00
8.868448170949814191e-01
5.374291731300494535e-01
9.321533777319938041e-01
1.283568349162677480e+00
-7.168673082112000383e-01
5.077835539683855925e-01
1.052274917610779070e+00
1.168701169365291781e+00
1.727018959402207177e+00
-9.903448222035728943e-01
-1.337072385092126003e+00
1.357263294563017864e+00
-1.397132297102178677e+00
-6.988073873970456207e-01
-7.129414887429715020e-02
-2.776236483611042583e-01
-8.347960442118137481e-01
1.488097311332885697e+00
2.390821756797345266e-01
-2.201297528387658464e-01
3.709743184462239718e-01
1.046349513172243562e+00
-6.551388992908088182e-01
4.994584647926353926e-01
-1.325274109585095894e-01
-1.038048227257832856e+00
-2.076263266638337601e+00
-9.198117021137876270e-02
-3.233794229714694324e-01
-3.497251505331496202e-01
2.334219280965428578e-01
5.614136431552282369e-01
-4.557375410996524628e-02
-1.200608142024536668e-01
3.794431083639233648e-01
1.597488847784018368e-02
-5.639831097340052279e-01
2.635284953050126333e+00
