-3.687988447830126286e+08
2.028806314234247506e+08
-2.016327791506379843e+08
-3.057352031647519469e+08
-4.483958015253212303e+07
1.856944256102277339e+08
9.074036744823986292e+07
4.756234307285269350e+07
6.165949980430213362e+07
1.255509631687781960e+08
-4.203986508732928336e+07
-5.739617231949153543e+07
-5.066757139624381065e+07
-2.409674712326611280e+08
7.139833245123550296e+07
1.763508340043919384e+08
9.274076836150790751e+07
-3.243121550194488764e+08
2.425282922325048149e+08
-1.874174984455984235e+08
-1.625620924771498144e+08
1.083933283921288997e+08
-5.374209527234832197e+07
-8.093712151134191453e+07
1.592173866579208374e+08
1.672361231807735264e+08
2.178784795673574805e+08
-1.110811341360069811e+08
1.793225821058377624e+08
-6.630796204725641012e+07
4.127436394955192804e+08
2.160515403898433149e+08
-1.135110668250361085e+07
-9.645850470353089273e+06
-2.423511635381293595e+08
3.842974453633999079e+07
1.030773520631767213e+08
1.732927973069862127e+08
1.815887028582957685e+08
-2.065292707103331983e+08
-9.143634130951504409e+07
9.208682430730110407e+07
1.531853840668480098e+08
1.327921427337273955e+08
-1.774482161944371164e+08
9.252883601423789561e+07
-1.795972643393822312e+08
-1.997222595171699822e+08
-7.401449964860528708e+07
-1.184412680947919637e+08
