-3.768594154118885040e+10
-3.773465369434550476e+10
5.892607169397599030e+10
-5.671112783087602234e+10
-6.555472679146474457e+10
-7.204527138559754372e+09
3.823414681525210571e+10
3.606893496564376831e+10
-8.070367564931013489e+10
-4.460966613714870453e+10
7.641282368644036865e+10
6.306280974420854187e+10
-5.499112097325952911e+10
-1.153221111968101501e+10
-7.563421964548934937e+10
5.709345582396042633e+10
1.393418881550436707e+11
-2.625977667011259460e+10
2.319385549886016846e+10
4.161013117343780041e+09
5.618397415890361023e+10
-2.342148522123737717e+10
5.420441527640706635e+10
6.126932823400903320e+10
-6.989485322664799500e+10
7.300882878493113708e+10
3.613530976762360573e+09
1.391484481406246643e+11
3.537731713393252563e+10
9.683069293169158936e+09
-5.357895262372310638e+10
3.700502626871687317e+10
3.282119107342848206e+10
4.494515286122541046e+10
1.008160633958857269e+11
-4.921739864935999298e+10
1.380084289042380714e+10
-5.448760064123409271e+09
-1.208227543598581123e+10
-4.628100491776338959e+10
-7.928874915319587708e+09
-3.749940164030309296e+10
-5.603323282346873474e+10
-3.692296103626757050e+10
2.574508863709534454e+10
1.000278696665696716e+11
-9.009439925247457886e+10
1.169822392589177856e+11
-8.847890352623861694e+10
9.444695912783163452e+10
