-1.201532001662306396e+12
-2.357767562984347168e+12
2.453526841138658203e+12
3.404348777954296112e+10
-2.223887515337776855e+12
-3.225534949228965820e+12
-8.310185197676739502e+11
9.615763442016335449e+11
4.697764157299741211e+11
-1.974878511584966553e+12
8.038531974835396729e+11
3.752008135471257935e+11
3.323480355076647949e+12
2.671924379121303223e+12
2.234868201708176270e+11
-9.639949083334780884e+10
-3.631837420280931641e+12
5.833862648368331055e+12
1.603575310967005615e+12
5.073618273740983887e+11
9.632262396117535400e+11
7.548526517915111084e+11
-3.830539815497691406e+12
4.695274113273809570e+12
-7.370902066838024414e+12
-5.531725835486008301e+11
-6.917786023718842773e+11
-1.386740863596288330e+12
-3.192849004075707031e+12
-1.186968182999095947e+12
-3.076241853765453613e+12
-7.156509808387420654e+11
9.156121757792954102e+11
-1.798107778098226624e+11
-1.326709984403719238e+12
1.557670240082871094e+12
5.876740545645720215e+11
-6.826836879925688477e+11
-3.211390874732311523e+12
-5.393050696093091797e+12
-2.068252957360631409e+11
2.093762716345322571e+11
7.784988228686556396e+11
2.942725419364903564e+11
-1.637977076938368164e+12
-2.336977857231538574e+12
3.772231234611096191e+11
-4.407372365586514893e+11
1.969356017483838623e+12
3.908878812939584473e+12
