-1.323385170622527344e+13
-9.428688407162150391e+12
1.197910635496078906e+13
-2.684293518223003906e+13
-9.014510311969156250e+12
-3.541249852257712891e+12
-5.495445449122707031e+12
8.475827745864324219e+12
7.784024643213708008e+12
1.951171327502255078e+13
-1.036971747033310547e+13
-1.430352028663048401e+11
1.125179009203629688e+13
2.303676013187199219e+13
1.090565028184247266e+13
1.433378617724381641e+13
1.767486564655510547e+13
2.593691956282658594e+13
-1.315852884163109180e+13
-9.489404496711609375e+12
-9.950559036538935547e+12
5.729919206258138672e+12
-2.461234910469128906e+13
-2.759503034346439062e+13
-2.052041516626354297e+13
1.832530373006456787e+12
1.881982226383505469e+13
-1.863313976356239453e+13
-1.188691635112715820e+13
3.654513485497183594e+12
-4.044368511074119141e+12
-2.400701293547420703e+13
2.914187633693225781e+13
-3.319756416675362500e+13
-1.362620070075887109e+13
-1.336763588382950391e+13
9.732534491724472656e+12
1.809867673243516406e+13
-1.190032329602255078e+13
2.781403114091590234e+13
-1.910761044545881641e+13
5.121729512040860352e+12
-5.265393232669205322e+11
-6.404868275584367188e+12
8.058445350840037109e+12
-3.750352599566957812e+13
5.690628656891464844e+12
-1.675007623521513672e+13
-6.825842335774784180e+12
-2.128102783707708203e+13
