5.227061563307528125e+13
-7.114297636892062500e+13
-1.980434772609231875e+14
-4.382813850778330469e+13
1.202806927082066094e+14
-8.980532893941910938e+13
-9.224829559171057812e+13
1.581300819833945312e+14
1.329940420275745938e+14
6.490120570652610938e+13
-1.434772171549048750e+14
1.705600060949566406e+13
-1.257512980216997500e+14
2.167781910881059375e+14
-2.096302474070043359e+13
-1.237242300717358906e+14
-2.195557615706221250e+14
1.409737062256899688e+14
-3.364232972609165234e+13
5.444331933730133594e+13
-9.642758814834806250e+13
3.354156874595472656e+13
-2.688155509216107812e+14
-1.125657292549047188e+14
6.809551764927228125e+13
-7.510496236316950000e+13
-2.747852221388509766e+13
-2.640940526274078438e+14
4.093704262468140625e+13
9.648310409675273438e+13
3.437818122658282031e+13
1.533670263709848125e+14
5.742233578687898438e+13
-1.320416076821935781e+14
-4.607421739185989844e+13
1.943084523680463438e+14
-4.750046836609444531e+13
-9.380136605373915625e+13
-4.348392570408927344e+13
9.942161119683408203e+12
2.399841066053043359e+13
9.359121311614746875e+13
2.029954732582542812e+14
2.775504979639656641e+13
-1.069099479745489844e+14
-1.236441007446218438e+14
1.579183121679618125e+14
-2.467909990487305000e+14
-1.570947717993859570e+13
-6.326715187818511719e+13
