-6.858888787714465000e+14
3.716109855124045625e+14
-2.320366818036831500e+15
-5.035901037071071875e+14
-2.888630274803143750e+14
6.475986562159087500e+14
6.969762229216298750e+14
-2.610135297254722188e+14
1.092260158106365625e+15
-5.914842717551590000e+14
-1.648859282500574062e+14
-4.252552891191985938e+13
-1.144435555995211500e+15
2.673253429557155625e+14
-4.877283501869008750e+14
3.732470284529230000e+14
-7.724232003110137500e+14
-6.617340098109746250e+14
-1.169212447218266000e+15
-6.415509630955105000e+14
-4.853934052760826250e+14
-9.958247105397162500e+13
-1.038512670932545125e+15
-6.054343607534905000e+14
2.382795755946330312e+14
3.079839855934268125e+14
4.411777949674133125e+14
-1.081595041642116500e+15
5.773007604722216250e+14
9.943494278384205000e+14
5.026382394445635000e+14
3.895142584897766250e+14
-1.723051938123371875e+14
-1.277389247623070938e+14
-1.291774270796204500e+15
1.280053849096530500e+15
-5.162143753579080625e+14
5.854765202186297656e+13
5.776734425007840000e+14
2.464429940949845312e+14
-1.859161792886686875e+14
-8.647935698900805000e+14
1.113983433946596000e+15
-1.437161343249310625e+14
-4.738114125953635938e+13
6.336407581804266250e+14
8.703740643885043750e+14
-7.026134829520390000e+14
8.270713776529710000e+14
-1.088278037443014375e+15
