-3.116845517649507383e+04
-3.406814677580311545e+05
1.763189831616472511e+05
-1.995796702476642095e+05
-1.241953564124577679e+06
-2.642564613572307862e+05
1.291575652075399994e+05
-1.667303245334350795e+05
-5.793718737292556325e+05
8.863957286786948098e+05
2.277985172841588792e+04
6.335373895423747599e+05
-2.064060868146778084e+05
2.764020416288468987e+05
1.833672716075806529e+05
-2.838352389659464825e+05
6.210058968227300793e+05
4.687820705755246454e+05
-1.348088782902401872e+06
-7.319417399706129218e+05
5.295427630890280852e+04
-1.038334023509616847e+06
-1.038110388751340332e+06
-4.681701712073014933e+05
-1.241170151045472128e+06
-4.790133101360090077e+05
9.488128660679148743e+05
4.623073050007054699e+05
-3.834516584642576636e+05
-4.099102445305340807e+05
-1.370868065571154875e+05
-3.129606481355635333e+05
1.244298765324753942e+06
-6.031940103472706396e+05
-1.006129118707234389e+06
-8.793707751751969045e+04
6.917969000477363588e+05
4.660080507822741056e+05
-6.311480855005099438e+05
-2.424207550704026362e+05
-6.661543739379678154e+05
7.812275793839339167e+05
-5.286807818979243748e+05
-6.607764788005551090e+05
-1.285305665928799892e+06
-9.040819662186180940e+05
-7.598427877836583648e+05
-3.181718178819121676e+05
-1.182793273590529716e+05
4.495188128238528734e+05
