4.778463285950450001e-01
-7.084375620520312333e-01
1.168668341265600846e-01
-7.744217286870528349e-01
3.970426412376796832e-01
1.434833709387189904e+00
-1.014924714830266472e+00
-2.453260927484035847e-01
-6.718406363894088296e-01
-1.057107806655741777e+00
9.521677351871667971e-01
-1.007157149871698909e+00
8.484476911682127254e-01
-1.150815559294184665e+00
3.115921075142118191e-02
-8.129774859049067048e-01
-7.610098709741447420e-01
1.238086365089410057e+00
-5.053928538063673370e-01
-3.681733560881736422e-01
1.645580683562374302e+00
6.973915425440210258e-01
6.384033351135581791e-01
1.454526339143493718e+00
-5.006289768840308518e-01
-1.230765204268156277e+00
-7.436263174138811882e-01
8.383847406884996634e-01
-9.894725202558706245e-01
1.136996157479102765e+00
