3.994915177533659153e+06
-2.706969090066268109e+06
9.275098358351754025e+06
5.830502885216460563e+06
1.534348616577947140e+07
-1.484141231500110030e+07
-2.743892954184484109e+07
1.319008228508068435e+07
5.546594082657543942e+06
-1.613225871236715000e+06
4.984161241511963308e+06
-1.302679381171878194e+06
-3.394373440733877569e+07
3.539132921969612362e+05
3.625719383682046086e+07
8.070274841553818434e+06
2.212226840595039725e+07
-3.358192294819394499e+07
1.147142343932615221e+07
5.953555080912925303e+06
-3.179278115405120701e+07
-1.467313327172944322e+07
-2.288876262924879417e+07
-1.381176739680407755e+07
-2.014410365602347627e+07
1.466791769085929357e+07
-1.853073759323934326e+06
-6.918082937595881522e+06
4.292615964304353110e+06
3.403503012741939723e+07
