4.379707880924569964e+08
-1.946612771653477430e+09
1.919576897526696682e+09
4.626178839112833738e+08
-9.687343071173377037e+08
-1.633141464042178690e+08
3.872417370306927562e+08
2.727833005423301458e+08
-5.940369733293982595e+07
-9.724637459904272854e+07
4.134067497822964787e+08
-1.454515025295373678e+09
-2.124597225759046525e+07
-1.004585820099529624e+09
-1.149249009689279556e+09
8.617728582476617098e+08
9.753112218566560745e+08
-1.512699123343579531e+09
-8.201666075895570517e+08
4.355340205795810223e+08
-8.552077550117755309e+06
-4.874829869274877906e+08
6.577752369171675444e+08
9.617169063666375875e+08
-5.554295474401881695e+08
1.127617804453994513e+09
7.487612937619788647e+08
9.706421194507186115e+07
1.187998977905966759e+09
-1.847064237106334448e+09
1.169144214097129822e+09
1.482668773657944441e+09
-3.936907568866162896e+08
8.187455351002223492e+08
-1.415649942656773567e+09
2.119696504038277864e+09
1.140579374287333965e+09
1.254677243094129801e+09
2.431300782915391494e+06
-6.017951425019243956e+08
-1.060890539874361873e+09
-5.722066998239252716e+07
-1.149562272210672200e+08
3.074472388310645580e+09
4.545837228653078079e+08
-6.376078971926295757e+08
7.641744298868539929e+07
1.194100101566903114e+09
1.126108515780655384e+09
-1.254215089354130983e+09
