2.980909530167119980e+09
-2.148491950109474182e+09
-6.210073176476495266e+08
5.043504964474104881e+09
1.845770649160156250e+09
4.599991031284569740e+09
-4.402930996351786703e+07
3.915209933566748619e+09
2.201167475725200176e+08
4.712191739591613770e+09
-1.968911906157925367e+09
6.872010415475535393e+09
-5.089460985886240602e+08
-4.480305030707256317e+09
2.350931623595305979e+08
-7.079802733115248680e+09
-5.780879980330553055e+09
-7.845937340117280006e+09
5.927699663675905466e+08
-1.465576950656714678e+09
3.182157929154174328e+09
6.570311415708858490e+09
2.522983930848182678e+09
5.969813251550811768e+09
-1.889527919741921663e+09
-1.120456150768553734e+09
-4.226444363062617779e+09
3.893291201065050125e+09
-4.064729039817010880e+09
-6.395576606642092466e+08
