-1.286989497465896034e+10
1.462039361697684288e+10
2.452287355692369843e+10
-2.277487155539134502e+09
-4.045269885755249786e+10
6.150943424624180603e+10
-5.716944519928230286e+09
1.531746079362809563e+10
-1.195678015455574226e+10
5.800445783015865326e+10
-7.899611626764697075e+09
-4.790540041260462952e+10
1.584314609532537842e+10
-3.741109654241476440e+10
-1.635118159935024643e+10
-1.584803643138693237e+10
-8.361117689524027109e+08
7.657791910241142273e+09
-1.151667313799983597e+10
4.422206392693299103e+10
2.332172407421685410e+10
-2.674876573370642090e+10
-1.218313643291700554e+10
-2.697539296746086884e+10
-2.671859344528781509e+10
-2.860281649947658157e+10
1.186491777082059097e+10
-4.185549540910111237e+10
-2.966530498864379120e+10
-2.951179418418747783e+08
