-7.088070040213349609e+11
-3.142222023589635086e+10
-2.882760595504049683e+11
-3.542682737955267944e+11
1.061143846847304810e+12
-5.597792393416697998e+11
-1.556449262299958496e+12
-2.142317445991585449e+12
-9.027906960314555664e+11
1.839043310723067322e+11
3.277521000546795044e+11
2.359772813369436951e+11
6.017164529743901825e+10
1.540560465903111267e+11
7.186012889753577881e+11
-2.647218326157566528e+11
2.793248041904312134e+11
8.875595302842210388e+10
7.571848139553377686e+11
1.337145749202825439e+12
-6.199463303239302979e+11
-7.881352463493275146e+11
-2.313097702277129395e+12
-5.899729834051611328e+11
-2.513733299214311829e+11
8.989953584956674805e+11
2.987200374605514526e+11
-9.047561404683593750e+10
8.901207552375659180e+11
2.852676610810220337e+11
