4.728285993272184570e+12
4.941327547275081177e+11
1.855551136933855469e+12
5.416988858149040039e+12
-2.739046951641374023e+12
5.764987407770757812e+12
9.146444661702263672e+12
9.719450063491910156e+12
3.811023072291605957e+12
3.515086842759082520e+12
-3.747345447966284180e+12
4.042963353285223633e+12
4.072812775971222878e+09
-3.199052520881929199e+12
-3.670394634999116211e+12
-2.289202907105698242e+12
-6.523578586396587891e+12
-5.972099957949326172e+12
-2.105624091447407227e+12
-8.088594899166624023e+12
4.827940511077878906e+12
8.943281809929480469e+12
1.045787333155287891e+13
7.166809310705716797e+12
-3.063052201511282715e+12
-6.325211954742931641e+12
-4.904170749649701172e+12
3.260619188288747559e+12
-6.483854824788240234e+12
-1.408478443144423584e+12
