9.752257564507492065e+10
5.737340955139921875e+12
-2.109945424299166992e+12
-1.789096335347698486e+12
3.078815402383979980e+12
-2.260650031622267090e+12
-3.575206049527568359e+12
1.255769470276191406e+12
6.157425419976205078e+12
-1.078639986172308203e+13
-2.304149116465938477e+12
5.821586489368441406e+12
-6.619256345625034180e+12
5.895353751994298828e+12
4.801401761483173370e+10
5.877945883072871094e+12
-9.114245128139742188e+12
3.990417423982075500e+10
-1.682992365950590088e+12
-3.303311682287938965e+12
-4.118105458288863281e+12
5.085306077874750977e+11
-9.015041683916130859e+12
1.327274002729359375e+13
-7.175052802732991943e+11
2.844375295786669922e+12
6.107279704285828857e+11
-6.631641903644809570e+12
-1.187697427313965820e+12
3.105770293067444824e+12
