1.417887520275218000e+16
-1.211704898843873200e+16
6.202729648786342000e+15
5.782250960664966000e+15
-1.442569750221588800e+16
-3.876623217318224000e+15
1.586281303710694000e+15
2.566482462954863000e+15
-1.150280618698547656e+13
1.688734322814480250e+15
2.111599859105341200e+16
-1.496639596870859200e+16
6.222426652638048000e+15
-1.716893134983528600e+16
-3.616045743625500500e+15
1.039052992492962344e+14
6.179722063363964000e+15
-1.786705324698351200e+16
6.153801623077915000e+15
2.339493872488213500e+15
-6.861783540989957000e+15
-1.116771704974081800e+16
5.422808394189933000e+15
1.023952502695714600e+16
-7.690153460706349000e+15
8.595917882771191000e+15
-1.181741169508803000e+15
4.378153040610300500e+15
3.956611070679591000e+15
-1.403233894746365200e+16
1.380122689415581400e+16
1.113526728406780200e+16
-9.213987578129658000e+15
3.500117438156616250e+14
-5.616858859625181000e+15
1.812035468092842000e+16
-6.771216729750085938e+13
3.203462011566307000e+15
-5.334399200034629000e+15
1.802883211061672500e+14
-6.694741205787514000e+15
-7.493003370301030000e+15
2.199586500056923438e+14
2.908117587777927200e+16
5.768746807894343000e+15
5.457751358947015625e+13
-8.306535242398787000e+15
8.268102764721352000e+15
8.632284703226495000e+15
-4.508468910462347000e+15
