-1.153371882608200500e+15
-9.954063949800456250e+14
-8.638138633880656250e+14
-1.131094023590760250e+15
2.231317444651885000e+15
-4.236431769885268125e+14
-2.701329572688585000e+15
-3.368147663196891500e+15
-4.489286795252556875e+14
-3.917165928599875000e+14
1.498723093140510250e+15
-8.041207303636075000e+13
-1.740318931076750000e+14
7.947058843412893750e+13
8.819072119046531250e+14
-1.076868590898223250e+15
1.357125438516544750e+15
1.138973416747788000e+15
1.164573637138038750e+15
4.293132891809582500e+15
-1.828811978481134750e+15
-2.559797708990352500e+15
-3.466543355791632500e+15
-1.412140725599349250e+15
5.142218160819243125e+14
2.249750098001607000e+15
2.929861489369509375e+14
3.859311445105370625e+14
1.553510299993648750e+15
-5.570608404469100781e+13
