8.354466625503802880e+17
-2.976150824872347520e+17
-1.492086343226917760e+17
2.932059359626597120e+17
-7.432266896436761600e+17
-3.166371252825742080e+17
-6.311203636329623040e+17
2.199470340221548160e+17
2.643189702126743680e+17
4.869052281631368960e+17
2.069954119386730752e+18
-8.010240447983101440e+17
4.653165632874190720e+17
-8.652933827495143680e+17
4.007727178458487040e+17
-7.866392774525409600e+16
-3.941996795171168000e+16
-1.175842659974382848e+18
1.028243260558240768e+18
2.168753127018569600e+17
-7.014957061444248320e+17
-5.833603085498786560e+17
2.687267558552643520e+17
4.034066631841522560e+17
-4.676947179317502080e+17
2.807308158945835840e+17
-5.191255452542749440e+17
3.272259757252585600e+17
-5.345841827046804000e+16
-5.601323312598689920e+17
4.788740488224766720e+17
3.514501386936635520e+17
-3.865906068484109440e+17
-5.783591152034656000e+17
-1.949071273207202240e+17
9.747043718682992640e+17
-6.017776952150859520e+17
1.429664335874936480e+17
-1.894317934432493760e+17
1.537333300558611200e+17
-5.160832545557672320e+17
-8.688337730480911360e+17
-1.295537793168520200e+16
9.105789137787324160e+17
1.834202357408619200e+17
2.944254682955180160e+17
-1.074493162620533760e+18
6.902172905528897280e+17
3.856657136583751680e+17
-9.948208773187464000e+16
