-2.582447915448719286e+05
1.077964217469225550e+05
-4.757777255010135123e+05
-3.432012765099767712e+05
-4.441745115978694521e+05
2.936104199036041246e+04
-2.161493756491606182e+05
-6.239358225661920733e+04
-7.283611475040148071e+04
6.166471290865157498e+05
9.908628487491826527e+05
2.439566864574031497e+05
-1.418488148604419621e+03
-3.915124334215623094e+05
6.541976715733315796e+05
-1.575013906983434281e+05
-4.703666046570352046e+05
2.140165113709884099e+04
6.283021657335729105e+05
-2.556941716951699054e+05
-4.411406095790725667e+05
-8.240630437837356294e+04
2.605956054068623343e+05
9.140687465820881243e+02
6.603554446633382468e+05
1.384225813338208827e+05
6.261268759749683522e+04
2.085843912730625379e+04
5.887131147137439257e+04
-2.187215560742835223e+05
-3.952182810775502585e+05
-3.595852308391883271e+05
-6.970196780085045611e+04
-6.870153903020013822e+05
-3.538825264246586594e+05
-6.459342685098900693e+05
-2.831005134457525564e+05
-4.049151887980371830e+05
3.980485749100583780e+04
-2.595349979180527225e+04
-1.865836504098472360e+05
-6.345973015586333349e+04
-3.184526053608588991e+05
-5.712023860396122327e+05
3.879835191850609845e+05
9.994271469021103985e+04
-5.170919266566883889e+05
5.156519957075273851e+05
1.903828514440766012e+05
-3.338426094259960228e+05
