-2.383279339392908383e+06
-3.298212785751347896e+06
2.909513124687387608e+06
1.493856488805012777e+06
1.717009409881455358e+06
-1.170381831053292612e+06
-3.333950249308506493e+06
1.268335715044059558e+06
-4.985303813286826015e+06
-1.411069899336445145e+06
-3.001659948646128178e+06
-3.879580950436648913e+06
9.894273487630947493e+05
3.590804295138739515e+06
-6.250514506760655902e+06
3.584683050414507743e+06
-3.789756230033634347e+05
-4.534271425512108020e+06
-3.488420769097742741e+05
3.577573129842972383e+06
2.480816981073783711e+06
9.969508018474407727e+05
2.722179013917371631e+06
-1.071582810527945403e+06
-1.647297913504973287e+06
-2.404522229496048763e+06
3.460771789173213765e+05
-7.828213394034118392e+05
-1.861874166683388408e+06
3.732769755315290764e+06
-2.613679435319086071e+06
2.233209319689519703e+06
4.976064895983507857e+06
4.343055623707754537e+06
1.475260873616456287e+06
2.120318183263393585e+06
5.994554092367957346e+05
1.511031516484435648e+06
3.182893685708445497e+06
-1.209465058152135694e+06
-8.121187947200478520e+05
7.666250690158657962e+05
1.833145048886459321e+06
-1.704614438922647154e+06
-2.383423084214265458e+06
-1.009578535085431300e+06
-2.832635426892377436e+05
1.829222848114864435e+06
1.855554459331050748e+06
1.981262481281841465e+05
