7.359329283421809087e+05
-3.639297956539432704e+07
3.345078172594509553e+06
-6.978225835586778820e+06
-3.669166185390301794e+07
2.289746887562558055e+06
1.704178567697999254e+07
-3.253625284223541617e+07
-2.816053965148855466e+06
-8.017420885664390400e+06
1.195388165620753774e+06
-8.013853313033865998e+05
1.979266086659672484e+07
-5.655401860768637061e+07
1.328964905340021010e+06
-2.800104467923670262e+07
1.313524935361335427e+07
3.487806044557319582e+07
-9.094262319605402648e+06
-1.179928330150329322e+07
5.417090385518644750e+07
-2.330220818534775823e+07
2.144533693884173781e+07
1.966043125046690926e+07
1.135574976980489865e+07
2.550734424868509546e+07
1.184435576881954819e+07
-8.126122462187690660e+06
-1.528324164155732468e+07
-2.941254088438082486e+07
3.448961176718800515e+07
-7.933583447550424375e+06
-5.237235566742025316e+07
3.471508025816197041e+06
-7.651344994022074156e+06
5.227571360810432583e+06
9.595169608833767474e+06
-3.029040014917873591e+07
6.911601098449381068e+06
4.764011706914450973e+06
1.416336491284839809e+06
6.599673731410232373e+06
3.812693436171505135e+06
8.950148282970156521e+06
2.642226258222933114e+07
3.719997880139169283e+06
2.397611392628739029e+07
-5.136766091817745008e+06
-3.228588740352010354e+06
-1.288210440444060788e+07
