[[ -8.68188000e-01  -4.82743855e-01  -1.21731886e+00   1.70153153e+00
    9.36739908e-01  -1.16176091e+00   1.58287716e-01   2.71965659e+00
    5.53715538e-01   2.76846833e-01  -3.79722200e-01  -3.25549855e-01
   -3.09716152e-01  -4.83186423e-01  -3.26615373e-01  -3.06853358e-01
    7.90593118e-01   4.13859140e-01   6.03310630e-01  -3.59765553e-01
   -2.01242431e+00  -2.00374524e+00  -8.70801083e-01  -2.45265815e-01
    5.87937498e-01   5.99504030e-01  -2.49124125e-02  -1.07295911e+00
    2.59031043e+00   9.90962266e-01]
 [  4.39701299e-01  -5.64098654e-01  -2.09040667e+00   1.45850865e-01
   -4.24793017e-01   1.08830086e+00  -3.89572075e-01  -6.46162924e-01
    1.03482972e+00  -7.21705436e-01   1.43217113e+00  -2.09496536e+00
   -9.16896783e-01  -1.07465386e+00  -5.21777525e-01  -1.97711091e+00
    4.48339739e-01   1.11999288e+00   1.01726166e+00   1.25425333e+00
   -2.73248821e+00  -2.43132780e+00   1.39371178e-01   3.26092047e-01
   -3.97326377e-02   2.31583969e-01  -1.27823169e-01   1.75618780e-01
    4.02693172e-01   4.27092770e-01]
 [  1.25973921e-01  -5.69803225e-01   2.33928175e-01   1.56277471e+00
   -2.15053868e+00   1.03843060e+00   2.31259014e-01   1.73359888e+00
   -5.11076042e-01  -7.18562106e-01  -4.26343374e-01  -9.54915654e-01
    3.17009057e-01   6.89861937e-01   8.47899471e-01   1.44088933e+00
   -1.10825867e+00   1.08743175e+00  -2.27420644e-01   1.12062429e-01
   -8.26069401e-01  -1.44122179e-01   1.04853366e+00   5.05068820e-01
   -5.00581958e-01  -2.64543635e-01  -7.03105794e-01   8.46016400e-01
   -1.79119353e-01  -6.60499085e-01]
 [  9.60495738e-01  -1.64019980e+00   7.36016013e-03  -1.38878957e-01
    1.46955873e-01   3.88629153e-01   2.34292669e+00   8.34456999e-02
   -4.00263445e-01   1.14504117e-01   5.61830940e-01  -1.20129164e+00
    3.67011812e-01  -9.08738971e-01   3.83485162e-01   1.33962747e+00
   -1.06442651e-01  -4.96710933e-01  -1.00446484e+00   5.25973110e-01
    6.55458446e-02   2.03998119e+00   1.56801127e+00  -2.29547466e-01
   -1.69556184e+00   1.02663630e+00   2.34585229e+00   6.16818207e-01
    1.31529690e+00  -2.00830537e+00]
 [  7.87634428e-02   1.81820861e+00   4.58960591e-01  -1.77636990e+00
   -8.70095784e-01  -4.26382211e-01  -2.13882476e+00   3.50374517e-01
   -1.73022568e+00  -1.21058019e+00  -1.22660113e+00  -3.28616951e+00
    1.31924700e+00   1.48827311e+00  -1.14263276e+00  -7.05938928e-01
    2.30554420e+00  -3.30402534e-01  -8.37151474e-01  -8.03714468e-01
    2.18627864e-01   1.45581234e+00  -1.26943629e+00  -9.00916076e-01
   -7.80540517e-01  -9.57077353e-01   2.01596767e+00  -4.89235300e-04
   -2.22580361e-02   1.15712398e+00]
 [ -1.44282021e+00   1.63845136e-01  -2.48122983e-01   3.30610312e-01
    4.55031194e-01   7.54484584e-01   4.16681296e-01   7.09793674e-01
    3.69303571e-01   2.01187677e-01   2.50040541e+00  -5.97923737e-01
    1.08853872e+00  -1.39039551e+00  -6.93830869e-01   1.79378434e-02
    8.00829867e-01  -1.27047823e+00   2.95080413e+00  -1.29748143e+00
    1.64729502e+00   3.97999527e-01  -4.59047860e-01  -5.35152393e-01
    1.31593481e+00   3.76169329e-01   8.67280676e-01  -8.96306680e-01
    1.05972169e-02   2.39058965e-01]
 [  3.63038895e-01   4.18971799e-01  -3.86445771e-01  -1.66609257e-01
    1.12010761e+00   1.00330017e-01   4.29797678e-02   1.06014927e+00
   -1.47711025e+00   4.73998280e-01  -1.23212714e+00   5.91521544e-01
   -5.91467163e-01  -7.48944059e-01  -3.80949163e-01   1.26294906e+00
   -3.64814028e-01  -9.83114862e-01   7.28153588e-01   6.93542258e-01
   -6.61667167e-01  -3.36602529e-01   1.11279977e+00  -2.33245064e-02
    9.32689926e-01  -1.26789839e+00   2.23645889e-01   1.21425129e+00
    1.84690438e-01   8.56422085e-01]
 [  2.94114559e-02   1.41810918e+00   3.76684238e-01  -1.27926587e+00
   -2.48298711e+00   7.06905567e-01   6.83274550e-01  -1.05668446e-01
   -9.47534052e-01   2.40258895e+00   1.44476283e+00  -1.09972079e+00
    8.51261696e-02   1.88254020e-01  -6.29976210e-02   6.65807839e-01
    5.43127558e-01  -3.60292851e-01   8.25398755e-02  -3.70061903e-01
    8.32864791e-03   1.45169912e+00  -9.77887028e-01   1.14813985e+00
    5.49964839e-01  -7.23510718e-01  -4.83983712e-01   4.66479424e-01
    4.38738905e-01  -4.13245272e-01]
 [  6.31921617e-01   6.82131443e-01  -1.82038673e-01   2.51548310e-01
   -9.32678690e-01  -1.58918486e+00  -5.72232274e-01  -5.98904141e-02
   -6.61869687e-01   9.03261124e-01   1.60152754e+00   4.82839167e-01
   -2.03050889e-01   1.46531190e+00   7.76281934e-01  -1.04762542e-01
    3.44207878e-01   2.31155846e-01   1.20016584e+00   6.26568201e-01
    6.27678621e-01   3.82838953e-01  -1.62047370e+00  -9.47313906e-01
   -9.66580096e-01  -1.62948468e+00   5.15195732e-03   9.88133245e-01
    5.16318063e-01  -1.62625330e+00]
 [ -1.01368564e+00  -9.01585083e-01  -1.69097593e+00  -9.99301491e-01
   -1.02127217e+00  -7.26401367e-01   1.93848929e+00   4.88470078e-01
    1.37686902e+00   8.20373100e-01   1.64838166e+00   7.07778838e-01
    5.27021187e-02  -9.89819474e-01   8.35416299e-01  -1.26948110e+00
    3.75067521e-01   1.07432137e+00   4.82684450e-01   9.06860442e-01
    1.21485653e-01  -7.01311626e-01  -1.14971646e+00  -4.94810372e-01
    3.90018577e-01  -8.86273047e-01   2.56278556e-01  -6.03997427e-01
    9.94774895e-01   9.71956846e-01]
 [  2.19490735e-01  -3.14488280e-01   1.70482220e-01  -1.54305834e+00
   -1.54913961e+00   5.03116153e-01   4.65010693e-01   1.67731528e+00
    4.10864584e-01   3.75479296e-01   3.01072090e-01   5.18193893e-01
   -1.78643553e-01   5.37510880e-01   1.18988484e+00   3.84462896e-01
   -8.56342035e-01  -1.33396135e-02   3.09773699e-01   7.37335504e-01
   -4.92703739e-01  -2.68278753e+00  -1.55366313e+00  -1.33491000e-01
    8.05952401e-01  -5.84471719e-01  -4.71819692e-01   9.14731985e-01
   -5.80472279e-01  -6.93817571e-02]
 [ -9.95503293e-01  -3.50977647e-01   2.53796391e-01   4.67416232e-01
   -1.09457524e+00   5.73392722e-01   1.03130625e+00   1.32139506e+00
   -4.14432282e-01  -3.07397242e-01   7.28907814e-01   3.60898573e-01
   -2.28492236e-01  -9.14021109e-01  -7.11891349e-01  -3.07960107e-01
   -9.44168374e-01  -3.50981588e-01  -1.18026866e+00  -2.14044201e+00
   -1.20009581e-01  -6.94870998e-01  -2.59898619e-01   1.02530547e+00
    2.18003253e+00  -1.82838763e+00   1.76126334e+00   1.30660241e+00
   -6.48551187e-01   1.30992813e+00]
 [ -3.78433642e-02  -2.17140632e-01   2.69353927e-01  -4.32515279e-01
   -1.25412052e+00   5.94927961e-01   1.09907085e+00  -1.59719912e-01
    7.27008957e-01  -6.47161249e-01  -1.61348572e+00   8.54837753e-01
    1.27765740e+00   7.15453623e-02  -8.40612404e-01  -8.01464123e-01
    1.63714302e+00  -1.04963680e+00   4.17109802e-01  -6.45922855e-01
   -1.77027839e+00   7.37823911e-01  -1.78870236e-02  -5.61087997e-01
   -4.16313840e-02   9.65105112e-01   1.07090822e-01   2.82931082e-01
    4.60501165e-01  -7.89997548e-01]
 [  8.02014100e-02  -1.84454164e+00  -2.03862088e+00  -1.46198231e+00
    4.38025620e-01   1.22467012e+00   1.59935100e+00   2.45881571e-01
   -6.20360550e-01  -2.18099685e+00  -9.43549715e-01   1.65404109e-01
    1.43798049e+00  -9.17509446e-01   1.97845153e+00   1.32853992e+00
   -5.32494405e-01   8.69092586e-01   1.01450264e+00   1.00023507e+00
   -1.34840958e-01   4.67644091e-01  -6.67962501e-02   1.25143702e+00
    1.77189387e+00   6.63429877e-01  -6.87410565e-01  -9.96979408e-01
    1.21787186e+00   5.94269777e-01]
 [  1.04624662e+00   7.72974946e-01   7.27279318e-01   1.39248577e-01
    8.10278471e-01  -1.29719315e-01   1.33493178e+00  -2.56172510e-01
   -6.20247435e-02   7.42422746e-01  -2.23854105e-01  -1.33447748e+00
   -1.96684284e-01   1.08649048e+00   7.56217364e-01   4.75452382e-01
    5.58510966e-02   4.28031779e-01   8.05474719e-01   1.42916833e+00
   -1.31710275e+00  -1.00836509e+00   1.02804138e+00  -6.62631601e-01
   -1.47469379e+00   7.14444732e-01  -9.23085914e-01   1.38267047e+00
   -2.73733899e-01  -6.16242672e-01]
 [  1.98299570e-01  -8.91043379e-01  -4.71535672e-01   8.64656593e-01
    2.73927829e-01  -3.89572614e-01   1.36008624e+00   1.41878200e-01
    2.39700617e-01  -1.19068895e+00   4.58549168e-01   7.64357162e-01
    2.16151457e+00   2.02125091e-01   9.98417898e-01  -9.59770010e-01
    1.01342449e+00  -1.22295365e+00  -1.70368187e-02  -9.39457550e-02
    1.54595915e+00  -8.30066113e-01   3.03272642e-01  -1.05528098e+00
    1.88480663e+00  -3.15147718e-01  -2.71018349e+00   7.95237914e-01
    8.38609678e-01   5.07205769e-01]
 [  6.24530022e-01   8.81650259e-01   7.74648692e-01  -3.93697209e-02
    1.21572027e-01  -9.32172224e-01   1.35933876e+00  -2.13789821e-01
    3.82624057e-01  -3.94308735e-01  -1.46181396e+00   1.01122390e+00
   -1.35078378e+00  -4.93604370e-01   1.99844869e+00  -9.26817638e-01
    1.01553050e+00  -1.08275586e+00  -5.22020314e-01   4.37874076e-01
   -8.03365076e-01   5.37053898e-02   2.26027815e+00  -9.48124720e-01
   -3.36156688e-01  -4.06065505e-01   2.91537651e-01   9.30317002e-01
   -8.80960604e-01   8.79906108e-01]
 [ -1.31868673e+00   9.93631822e-01   1.67821520e+00   5.01407194e-01
   -9.46217986e-01  -2.01274517e+00  -4.22910755e-01   8.70381376e-01
   -3.80478066e-01   5.95239839e-01  -2.55448676e-02  -5.02772221e-01
    1.23135118e+00  -5.22498147e-01  -3.87695496e-01  -6.78781832e-01
   -1.03023500e-01   1.40936673e+00  -4.05905402e-01  -2.24075615e-01
    8.10060881e-01   2.16174229e+00  -1.32785598e+00  -2.29485758e-01
    6.76410849e-01  -3.32247221e-01  -7.26895373e-01   8.41280791e-01
    9.11791194e-01   1.33521895e+00]
 [ -6.50310670e-01   1.17600176e+00  -4.08304121e-01   5.19894524e-01
    1.20134134e+00  -3.18662786e-01   6.12962808e-01   1.39293134e+00
   -5.89914544e-02  -7.57358778e-01   1.31144846e+00  -1.48996962e+00
   -1.63590462e+00   5.29378967e-01   1.00985390e+00  -1.40366177e+00
    1.54531690e+00  -1.50955683e-01  -1.16440648e+00  -2.89494866e-01
    1.59452656e+00  -4.47656605e-01  -1.23890685e+00   2.05919162e+00
    2.93479435e-01   6.60634606e-01   1.28283659e+00  -6.16134306e-01
   -1.80801068e+00   7.31668799e-01]
 [  5.68352175e-01   1.29912967e+00  -1.89822973e-01   1.12305084e+00
    3.81921966e-01   5.16764851e-01   2.46195729e-01   1.53578802e+00
   -1.35218599e+00  -3.60577461e-02   6.30715937e-01   1.80036896e+00
    4.29044114e-01  -5.27475870e-01  -5.19107571e-01   5.99320622e-01
    1.17468677e-01  -3.90162929e-01   2.43963192e-01  -5.73176730e-01
    2.33359914e-01   4.37735980e-01  -1.10118620e+00   1.77367599e+00
    1.01463286e+00   7.40331582e-01  -1.07358600e-01  -1.39894565e+00
    1.16446655e+00   1.04814051e-01]
 [  2.69367428e-01   9.34944854e-01  -7.72939795e-01   1.64069086e-01
   -1.97392965e-01  -1.31471141e-01  -8.38908418e-01  -4.72199947e-01
   -6.04468911e-01  -4.08540911e-01  -9.76734159e-01   4.33021052e-01
   -1.47063617e+00  -4.56547316e-03   1.57282274e+00  -1.30018084e+00
    1.12560471e+00  -5.61699071e-01   1.39227600e+00   7.56385007e-01
    1.00450619e+00  -9.23501722e-01   8.63206338e-01  -1.54197857e-01
   -5.12333777e-02   1.54374475e+00   2.13526566e-01   1.51558444e+00
    1.84936717e-01   4.33492560e-01]
 [  8.42701721e-01   2.43245603e+00  -6.84037360e-01  -7.68639975e-01
    5.70390152e-01   8.75363186e-02   1.09072985e-01  -8.38765252e-01
    1.35111737e-01  -9.37199927e-01   1.63332731e+00  -1.35639449e+00
   -3.65554290e-01   4.93712310e-01  -1.50430915e+00  -1.63469371e+00
    1.09132562e+00   3.11730219e-01  -1.14619457e+00   4.63133360e-01
   -6.29327605e-01   7.88423956e-01   2.32435421e+00  -6.07940207e-02
   -5.30204991e-01   1.83636827e+00   7.74859637e-01   2.04574459e+00
    1.58626151e+00   6.77095906e-01]
 [  1.05967539e+00   4.27950417e-01  -5.26399231e-01  -2.63408496e-02
   -1.47458317e+00   3.48116811e-01  -5.08044845e-01  -1.10310396e+00
   -1.33835575e+00  -1.61468828e+00  -1.68858848e+00   4.21485324e-01
   -5.84518031e-01  -1.51713689e+00   2.50972984e-01  -8.78784919e-01
    1.46832637e+00   1.77673285e+00   8.20199446e-01  -1.16856074e+00
    8.29867550e-01  -4.78964729e-01  -7.76714644e-01   9.35781155e-01
   -1.33045411e+00  -1.44982159e+00   8.27420868e-01  -1.60317728e+00
    3.19196533e-01   1.09097632e+00]
 [ -4.72631447e-01   2.77701430e-01  -6.41981542e-01   4.97885380e-01
   -4.85387331e-01  -7.52964383e-01   5.52570393e-01   3.69373180e-01
    6.26233786e-01  -8.60081960e-02  -1.44160198e-01  -9.46648416e-01
    6.07401754e-01   2.23022441e+00   1.99926594e-01  -5.00826716e-02
   -7.18776532e-01  -2.14006206e+00  -4.16771872e-01   4.44931160e-01
    4.74267364e-01   6.17104146e-01  -6.95084429e-01  -7.30660886e-01
    8.17596891e-01   1.77289769e+00  -5.40196158e-01   1.03289294e+00
   -1.05143345e+00   9.89850724e-01]
 [  9.09500334e-01   2.29599460e-01   1.00897207e+00  -5.73331661e-01
    1.71496027e+00   7.60743489e-01   3.19459126e-02   5.90382308e-01
   -4.72544648e-01  -1.44712953e+00   7.84333048e-02   9.88707035e-01
    1.62965332e+00  -8.67028661e-01  -2.06989027e+00   4.32175050e-01
   -1.16614213e+00   4.43371922e-01   1.25511710e+00   9.85685824e-01
    1.59644088e+00  -1.10392316e+00  -3.47846041e-01  -1.90494080e+00
   -2.51775554e-01   1.01907960e+00  -7.09820049e-01   5.99268944e-01
    6.38456076e-01  -1.05437943e+00]
 [  4.26562438e-01  -2.63366352e-01  -2.60259583e-02   1.75204745e+00
   -1.51629534e+00  -5.78346439e-01   1.21909414e+00  -7.84500383e-01
    1.50767450e-01   1.81161141e+00   1.87533899e+00  -2.18070469e-01
    1.50813728e+00   1.11492052e+00   1.84857612e-01   8.71734290e-01
    5.69726102e-01  -7.41703380e-01  -2.11228341e+00  -4.36530061e-01
   -6.43408048e-01   1.24026762e+00  -5.87768968e-01  -2.19179560e-01
    6.05089976e-01   1.04409630e+00   7.48061362e-01  -1.77863953e-01
    7.01454058e-01  -4.48097929e-01]
 [ -2.13489248e-01  -1.93686881e-01   1.80966711e-01  -1.30892929e+00
   -5.01957450e-01  -1.78425711e+00   5.55843210e-01   9.32074925e-02
   -7.74191190e-01  -4.70153947e-01   6.95368146e-02  -3.74769192e-01
   -1.03957034e+00  -6.48763793e-01  -1.22036286e-01   1.28119206e+00
   -3.02710722e-01   7.37590207e-01  -8.21752539e-01  -4.59291385e-01
   -1.02273877e+00  -1.14519556e+00   1.02862720e-01  -9.55537969e-02
    1.51150815e-01  -2.28084495e+00   7.38303516e-01  -2.86545664e-01
   -7.78226720e-01   1.13765756e-01]
 [  4.41572369e-01   6.12123299e-01  -2.82446708e-01  -9.91980302e-01
   -1.46392025e+00  -2.32026144e-01  -1.97871408e-01  -4.02196959e-01
   -1.06833399e+00  -7.35350580e-01   2.02898425e-01   8.12086484e-02
    8.10184648e-01   1.73269170e+00  -8.27418778e-01  -1.20239959e+00
   -2.82183060e-01   2.00878642e+00   8.76115895e-01   1.92754241e+00
    2.36386406e-01  -1.21390304e-01   1.19306214e+00   1.01457360e+00
    1.89839387e-01   2.06230531e+00  -7.29690295e-01   3.46315412e+00
   -2.09348028e-01  -1.83708737e+00]
 [ -2.39428439e-01  -1.00123675e+00  -9.79434923e-01  -1.16354737e+00
   -7.97434121e-01   2.02708538e+00   9.26435192e-01  -1.65690699e-02
   -2.75841004e-01   9.87209954e-01   5.73495138e-01  -1.37540672e+00
   -6.91012717e-01  -6.78213255e-01   7.75325511e-01   8.59507380e-01
   -1.05453274e+00  -5.47865193e-01   2.58729666e-01   1.17536790e+00
    2.96616361e-01   1.08895244e+00   1.12171960e+00   2.71767928e-01
    8.89988469e-01   6.15423197e-01   9.73705955e-01   1.48376945e-01
   -1.69297787e-01   2.13864420e+00]
 [ -9.42613203e-01  -1.46671963e+00  -4.39816080e-01  -1.54862209e+00
    1.55585529e-01   1.07604234e+00   9.42869744e-01  -2.55909640e-01
   -8.34758311e-01   3.34218668e-01  -1.20860770e+00  -3.15722437e-01
   -1.33857899e+00   1.75394452e+00   1.11003175e+00   9.89961043e-01
   -1.45586029e+00  -3.13373943e-01  -9.79321759e-02  -7.73803802e-01
    5.25515243e-01   3.96658213e-01  -4.01866069e-01  -5.42473237e-02
   -6.74801003e-01  -2.60459172e-01   5.01745640e-01   6.49410183e-02
    4.31586556e-01  -5.69706829e-01]]
