-4.434856399409581318e-01
7.204575736675623565e-01
-2.276973223322980910e+00
1.036757831556623710e+00
-1.624861717656906346e-01
-7.843396510237617969e-01
4.938252054881261399e-01
3.701803370598507059e-01
-6.436289375753990738e-01
-5.990794900359189823e-01
-1.253760963111657967e+00
-9.724177013260200120e-01
-4.218934889453587744e-01
-6.895525321510829198e-01
9.795033890358145756e-01
-1.574836539508419397e+00
8.150150744640007883e-01
1.983394720109114884e+00
6.369834321897391849e-01
-5.305246132890051314e-01
1.959604211880602576e-01
9.653779351831611732e-01
-1.825511222818489765e+00
1.823026918402806118e-01
-5.858040515613935906e-01
-6.670998421272456014e-01
2.609452391291021134e-01
-2.666546908115811076e-01
7.628248927035055083e-01
-4.500164033065692792e-01
3.148198359451359618e-01
7.449602720955963986e-02
-1.506541026073652922e+00
-3.357745569206678771e-01
-1.518649274752426892e-01
1.337002622009328290e+00
1.292021927007107884e-01
-4.926914829633896598e-02
4.245626684458491673e-01
-1.095900165002377857e+00
-1.898296399614565866e+00
-3.949662533110964713e-01
-3.853638439416827155e-01
-5.789821696046475452e-01
5.500702689351072427e-01
-1.644489307281639778e+00
8.093004841146776984e-01
-1.946145656525066492e-01
7.026955060971543654e-01
7.012083734969923876e-01
