-1.084804667807784490e+07
-3.916160900646544062e+06
-1.558861405280568264e+07
-1.595480260177513352e+06
-6.655733450106607750e+06
7.713452941446680576e+06
5.674474176008296199e+05
1.730280876656546490e+06
-3.038575089302987326e+06
3.691004933048866689e+06
4.677245136725499481e+07
-7.057810724263788201e+06
5.972031719798816368e+06
-3.197258465800635517e+06
-1.279900282431791769e+06
5.519575608184891753e+05
-2.345014254150698334e+07
-2.869715066157784313e+07
1.899996051183753461e+07
1.070498064612779533e+06
-4.026279507232698612e+06
1.160195457047298923e+07
-4.645188404126565903e+07
7.863765570614264347e+06
2.696456252843540628e+06
1.817108274542840570e+07
2.396089598263950273e+07
-4.501837217393349111e+07
2.732333268150674924e+07
-1.396929713440329954e+07
