5.527119695904816389e+08
1.240267005917208433e+09
3.939983280476304054e+09
-1.377674401704029799e+09
3.171311278230385780e+09
-3.665791253929541707e+08
-3.132522622767108083e+08
-3.759307233606534004e+09
-5.920765715061530113e+09
3.732787904043999195e+09
-4.449808184209856987e+08
1.434662091451359749e+09
1.334688408590817928e+09
-9.177442782431778908e+08
6.420131671282610893e+09
3.177640417718327999e+09
3.178549719245847464e+08
-2.809379906239185333e+09
9.465940308527237177e+08
-2.097680331898358345e+09
2.737114268765886784e+09
1.775241818342484951e+09
3.419328721431993484e+09
4.925397351344686508e+09
-2.556071687348632336e+09
-3.304768058488830566e+09
4.884914782788866162e+08
2.494812479273633003e+09
-6.441041884873985052e+08
6.103296313817520142e+09
-5.711538986960800886e+08
3.964463340564441681e+09
-3.388427480431021690e+09
-1.799159476537005424e+09
3.653721502359175086e+08
4.916125658974800110e+08
1.774697312984431505e+09
1.656686706601518393e+09
4.837327960390864372e+09
-5.456317535300374031e+07
2.272538725993388891e+08
7.477895367763049603e+08
-1.532916258597045660e+09
-4.150355770017188787e+08
-4.363222290461272240e+09
-2.797309830454844475e+09
-4.064347142013615370e+08
-7.320408239741065502e+08
-9.172667674304808378e+08
3.620907181553005695e+09
