-6.344011465004223824e+09
7.593421325417124748e+09
-4.847977021376003265e+09
-4.643651379603890419e+09
4.439267249723770905e+10
-8.344548025598728180e+09
2.993351096135271835e+10
-1.640006570022039032e+10
-1.140038477291304970e+10
4.974403653702401733e+10
-2.278871856681510925e+10
-3.927949072309398651e+09
7.041273833137044907e+09
3.854718387703896332e+10
4.888343703011225891e+10
1.064603634357486916e+10
-9.512236894922981262e+09
-3.489428060326399994e+10
-2.531777969772612762e+10
9.972707403006509781e+09
1.025591471692275047e+10
1.238584420573245049e+09
3.441760706436033845e+08
3.922719734489508057e+10
4.779592631941353798e+09
-2.484998302916265869e+10
1.117740028644740105e+10
3.340386475291718292e+10
-1.106794202978242111e+10
1.169105004647515106e+10
-5.513056049152538300e+09
4.827928455973254395e+10
-2.587634406991286755e+09
-3.305365257468273163e+10
1.759422862523470306e+10
-4.122518081189128757e+08
-1.850385121975378418e+10
-3.983142981273791313e+09
1.518027095647505188e+10
-1.120347100391180038e+10
-2.181178218185900879e+10
-9.692102465149829865e+09
-2.191203377160214615e+10
2.119609590735721588e+08
-4.401330553098004913e+10
-2.843410549385957718e+10
-3.466773192162577820e+10
-1.380463875980373383e+09
-7.180899858982119560e+09
3.159732127665628433e+10
