-7.880209626053682327e+09
9.752175985560285950e+10
8.288299872892683411e+10
5.080380288568863869e+09
-2.395583654397293472e+10
-6.394855608933971405e+10
4.019394915418225861e+10
-2.681287109770017624e+10
3.532150489317492676e+10
6.803719289955133820e+10
2.535912734905592728e+10
6.492929019187866211e+10
-2.864681690339693451e+10
2.592048903701537132e+09
-7.710861079116824341e+10
3.006228537974638367e+10
2.696910607435956192e+10
-2.167737576727875137e+10
-5.739591266427515411e+10
-6.794508474998694611e+10
-3.083768869977079773e+10
-3.613628117793201447e+10
2.359465115270795059e+10
-3.444930965482733917e+10
-8.479020430112760925e+10
-1.253497160707680702e+10
-3.080424575486084747e+10
-9.895675591578329086e+09
1.990864327295132446e+10
2.700130878883000946e+10
