1.370961680035722168e+12
-1.526089844152224426e+11
-3.620429428401889160e+12
4.901686998912108398e+12
-1.344818942353411523e+13
7.084414754805460205e+11
-8.492521558930902344e+12
1.000882105762783203e+13
1.236383451887154688e+13
-1.622873376600587695e+13
6.912336028628097656e+12
6.424244939496765137e+11
-4.090400632648577148e+12
-6.750575698901892578e+12
-2.628112103387735547e+13
-3.891838721868323730e+12
-3.188624876676064453e+11
1.087919681179738867e+13
6.808059018892286133e+12
9.444510161894589844e+11
-2.197061276492963135e+12
-3.261657868908326416e+11
-2.380144121943085938e+12
-1.431572817633538281e+13
-7.483791875836917725e+11
1.394390074618129492e+13
-4.462886940564644531e+12
-3.169807235665241699e+12
8.702957730619009766e+12
-8.265983430189389648e+12
2.132421816695523682e+12
-1.516477681536561328e+13
-2.985043567491375000e+12
3.841792052798683594e+12
-1.909326020230086426e+12
6.500323654780870117e+12
3.538716255967909668e+12
-2.108127504653360291e+11
-2.228650097967821777e+12
1.918957107764325439e+12
6.685645028666390625e+12
1.902257055299026367e+12
1.566533337698694141e+13
-4.033280340865282227e+12
1.738150769111722656e+13
5.681606262322252930e+12
3.633565676246397461e+12
4.110988535532152100e+11
-1.376088962687060547e+12
-1.346372363168642383e+13
