6.510798928870417969e+13
-9.525727403669289062e+12
3.639317104459772656e+13
5.297150129450280469e+13
-9.021207781698831250e+13
1.618744125548980273e+13
-9.613647179311515625e+13
1.612870494486948486e+12
-4.197308936208389844e+13
-1.386540170525064219e+14
5.184692993523099219e+13
7.124036794121159375e+13
3.165309244188208594e+13
-1.361706671397559531e+14
-7.034311279632633594e+13
4.939264818753956055e+12
6.894874755110805469e+13
8.076089872725915625e+13
1.042862179612298281e+14
-7.454657092860150000e+13
1.871618803248682031e+13
5.023268802145917969e+13
1.638181131232476367e+13
-5.546970225916889062e+13
-8.331159376109035938e+13
7.548194448348384375e+13
-7.486705439134172852e+12
-5.847396793428765625e+13
-2.587430842073613281e+13
-6.262339189917703125e+12
3.651339420590962500e+13
-1.154281529739162969e+14
-2.652250596835303516e+13
8.556666403496431250e+13
-4.479361589949969531e+13
2.377853243259816797e+13
5.186025271021221094e+13
1.394060722221474414e+13
3.973269381683298438e+13
3.177295561202949219e+13
7.645539050644646875e+13
6.140790043184314062e+13
9.912739480350348438e+13
8.612262396867484131e+11
6.304769620031906250e+13
4.105268707915290625e+13
7.533234369644904688e+13
1.335034937017551562e+13
-1.943280292121291797e+13
-3.739480601477467969e+13
