1.419579194373942383e+12
-1.682636547937699609e+13
-1.507575830610480664e+13
-9.714000479890029297e+11
4.628916886458359375e+12
1.454948881259487695e+13
-1.001468752470505469e+13
8.810777436276814453e+12
-4.573013286749072266e+12
-1.203146781942635156e+13
-2.533997117903941406e+12
-8.443702779350453125e+12
8.150103324632929688e+12
-2.577566781892073730e+12
1.415917215690342969e+13
-8.118520612185782227e+12
-1.746658555132189697e+12
2.120341683280146179e+11
1.011746661090114648e+13
9.393090738023292969e+12
8.036105921305126953e+12
6.734180346799820312e+12
-6.947497107241535156e+12
9.443676932229734375e+12
1.494595274312541406e+13
1.761826171085870605e+12
9.577401368395623047e+12
3.587742771719921265e+11
1.341639799782106171e+11
-3.258588041116063477e+12
