-1.827762812716776172e+13
-2.137018983262850586e+12
-1.020766238492327539e+13
-7.630519190241251562e+13
-4.115127439515178125e+13
-2.702815056789292969e+13
5.836893482707742188e+13
-1.638180403043884375e+13
-4.533128192296198438e+13
3.495897833168969531e+13
1.177548702986049062e+14
4.129989432281270312e+13
2.299442929442822656e+13
-1.968638288994551562e+13
-3.460076624266842578e+13
-4.697055573799855469e+12
-7.935985596211621875e+13
-3.232314293450551172e+13
2.983510947202539062e+13
7.158186343098090820e+12
-5.005923548864211719e+13
2.395579707358175391e+13
-1.249776313615211094e+14
1.378775166306083594e+13
6.438293252231700000e+13
1.097987081927702188e+14
5.383925282720410938e+13
-1.072354560395450625e+14
5.091833850556913281e+13
-5.046167078609555469e+13
