2.449836429313714375e+14
-5.368550642216309375e+14
4.331804035812473125e+14
2.124212280000608438e+14
-5.251026467251960625e+14
-2.110481867720590938e+14
2.480672381221323125e+14
7.923884358006807500e+14
7.736037417861538750e+14
5.258147941989260938e+13
-2.226218872914770625e+14
2.350195898140633438e+14
-5.450343506263310000e+14
8.142916464960258750e+14
1.072467058274261562e+14
-7.079878800064682500e+14
-8.431950016602623750e+14
8.560500635840776562e+13
5.820653815179598750e+14
3.684202663264866250e+14
1.020671214719034625e+15
1.712065661686920312e+14
-3.515200317341646250e+14
5.553152554814844375e+14
5.893205121557836250e+14
4.115621882351369375e+14
-6.294796291931166250e+14
-8.377692752735685000e+14
-5.723051946024578750e+14
2.093072076384681250e+14
