-1.811999793264887040e+17
3.973412626666311200e+16
-1.061976571158429440e+17
-1.721401259349599040e+17
6.826230074353118400e+16
-5.169064971824398000e+15
6.618312440666960800e+16
1.080337962017317440e+17
2.428578995476651200e+17
1.372507709366967520e+17
-7.864159787185209600e+16
-1.853871415470834560e+17
-2.069937222829156480e+17
3.512647004582969600e+17
-1.649741803662625600e+17
5.236569360752343200e+16
-1.522305534787464960e+17
-1.253932282301732640e+17
-1.559291551980840640e+17
2.113710400476833280e+17
-6.966779603777875200e+16
-1.018371568594897600e+17
5.245517849159555200e+16
1.092385781976785120e+17
2.008701627195156480e+17
-1.279649939544828800e+17
-1.891680876091704800e+16
1.764047069584647040e+17
2.238970327138765120e+17
6.693232774212763200e+16
1.239905404457352400e+16
1.797476035208701120e+17
-7.547653694414320000e+16
-3.022582990727390080e+17
5.192928899758793600e+16
2.733530306304842500e+15
-3.299900843592171200e+16
3.935092660889540000e+16
-6.546321944222711200e+16
-4.057404401822676800e+16
-5.934112093297947200e+16
-1.223030390899877280e+17
-6.666924794534916000e+16
-1.502183486754442880e+17
3.970924291369761600e+16
-1.556725304640610240e+17
-1.078576962005245600e+17
-1.650473887838221400e+16
-1.080218661565636200e+16
-2.123976208641682400e+16
