-7.011907995174199000e+15
2.196301472306560800e+16
-1.265439552143100000e+16
4.295187692348833500e+15
9.251468886610316000e+15
4.273676745216784500e+15
-1.876986101823912000e+15
-2.772634289359278400e+16
-1.910723954607396800e+16
-8.659406645854732000e+15
8.797378393156517000e+15
-1.686561039147922400e+16
1.812754443337618400e+16
-4.586264776837695200e+16
-1.177674121759178600e+16
2.434456748491950800e+16
2.482762136379830400e+16
-1.175988097951994800e+16
-7.141061547063455000e+15
4.336296240127198500e+15
-4.948790107256324800e+16
-3.797185243130752000e+15
-1.638413986402568400e+16
-2.951097875833049200e+16
-1.771935329824734600e+16
-1.098710429285046600e+16
-3.939686932377372000e+15
3.574477446720143200e+16
1.454796435236211250e+15
-2.582137617705742800e+16
