7.332199019809424877e+06
-1.246139212926506996e+07
-9.965394300543611869e+06
2.390807301019793842e+06
-4.673210614180735312e+06
6.326974704829980619e+06
-2.213409698794676922e+06
3.019720381399775855e+06
-7.384071403759397566e+06
-9.291792809462072328e+06
-5.062269331617763266e+06
-5.958419008773537353e+06
4.471339235103374347e+06
3.538212141551360022e+06
6.753788672899700701e+06
-1.768994051011359552e+06
3.761688437091595028e+06
-2.051867565312026534e+06
1.464302756362344325e+07
9.196102918763570487e+06
5.455478205531833693e+06
2.786363210540051106e+06
-7.471628668738799170e+06
3.807384778134732507e+06
7.241356614060706459e+06
-1.844739205401182873e+06
3.508338348157859873e+06
1.119484439185562171e+07
-6.446537726072896272e+06
1.817709509026485495e+06
