[[-0.02550649 -0.8367512  -1.05863873 -0.7152893   1.22178612 -1.64454361
   0.14129808  0.83472915 -0.51129069  0.46094025  0.67250285 -0.43291743
   0.0721043   0.11403192  1.74264159 -1.22486053  0.61862665  0.70115497
   0.06582915 -2.87334344  0.21976093 -1.55835638  0.74322018  0.32060342
   0.60880589 -2.65833061 -0.38929233 -1.0083377  -0.62777586 -0.26865916]
 [ 0.63262206  0.2299082   0.58376154  1.19617488 -1.42243236  0.04179507
   0.01887172  0.51659673  1.29804474 -1.02611463  0.205351   -0.39242154
  -1.26520105 -1.09827293  1.23069414 -0.25774086 -0.97924313  0.58910529
  -0.50273808 -0.67143342 -0.4883761   0.42104144  0.02654773  0.48387477
   0.06769432  1.47112092  1.34073024  0.03873582 -0.71464531  0.13490084]
 [ 1.4360667   1.13191877  0.55841968  1.87113383 -0.3064588  -1.12353921
  -0.45205909  0.00825301 -1.51409087  0.83632756 -0.65559799  1.14913219
  -0.26091693  0.54016024 -1.01350859  0.05925442  0.65665787 -0.10280527
  -1.01879988  0.35960033  0.92137148 -0.76397928 -1.40182067  0.10960492
  -0.76175764 -1.8729593   0.01617245 -0.31901462  0.59540153 -0.19334854]
 [ 0.44788066  0.52208865 -0.30632542 -0.16509228  0.61589908  1.3899206
  -0.42459734  2.08602704 -0.16788018 -0.212047    0.6015341  -0.85035692
   0.79961454  0.50509701  0.76527144  2.08525149  0.47224248 -0.14270008
  -0.37254051 -1.54854282 -0.85823258  0.48430112  0.06264827 -0.42380937
  -0.51351989 -1.45785675 -0.27295813 -0.05144444 -0.3365276   0.49793853]
 [-0.30112452  1.22412385 -1.41859476  0.36965482 -2.86732372  0.59545817
   0.07511866 -0.93168052  0.25161537 -0.92853149 -0.21668351 -0.14371942
   0.54706312  0.17164374  0.13846134  0.54984837  0.84232529  2.09232431
   0.01733108  0.58261357  0.14501513  0.4368259   0.53435988  0.29120089
  -0.0981732   0.5543198   1.18012482 -0.90955794  0.31365021  1.41995939]
 [ 0.88154991 -0.14817638  1.3605356   2.0721404   1.10943536  0.17306442
   1.9783819  -0.26822074  0.10385589  0.58308781 -0.11961701  1.53987054
  -2.51061607  0.25163882  1.45929859  1.26399476  1.89954018 -0.48350948
   0.54096423  0.17473816  1.07007724 -1.2707496  -0.73775057 -1.39360915
   1.47952335  0.36061326 -1.37498958 -1.20710753  0.03443441 -0.06747962]
 [ 0.95723225  0.41885249  0.30938097 -2.69672539  0.80694109 -0.88745722
  -1.1508908  -0.93350089  0.89174361 -0.28567412 -1.24816176  0.4296628
   1.38029678  0.39689935  0.45884529 -1.01750886 -0.75304885 -1.27201095
  -0.47148135  0.40377694  1.01844644 -1.36751137 -0.81811807  2.06448409
   0.06377128  0.66791631  0.70191038 -1.01534791  0.3756194   0.19885277]
 [ 0.11507685  0.44445702 -0.09700586 -0.72586318 -1.36810066 -0.3423068
   0.48200766  0.52657589  1.01640211 -0.42810499  0.60007441  0.00345519
   0.35168269  0.49765733 -2.2651182   0.76682243 -0.07715933 -0.27571675
   0.71444537 -2.08089064 -1.56895974 -0.43640261  0.36851717 -0.78589667
  -0.04017914  0.64982519  0.56389628  0.2891554  -0.11191709  0.67085893]
 [-0.43464747  0.26500944 -1.74102412  1.64398333 -1.7549614  -0.31048272
  -0.58779616 -0.45963252 -0.0417566  -1.15016209 -1.10868289  1.66647307
  -0.25126507 -2.53363011  0.03633658 -1.14690687  0.68937944  1.54463509
  -0.90702407 -0.33856699  1.27760516 -1.34499955 -1.20526212 -0.02440518
   0.86265546  1.69686945 -0.08336332  1.25861636  0.64665283 -0.21561138]
 [-0.4635513   0.16040561 -0.48463913  0.57811796 -0.97085408 -0.24697384
  -1.1097623   0.15783823  0.20973186 -1.22077086 -2.09726976  1.29582129
   0.0944285  -0.53922823  0.41767431  0.49471855  1.04893373  1.381725
  -0.10462378  0.20128305 -2.00976852 -0.42786321 -1.30982488 -0.17023482
  -1.57732504 -1.47853307  0.08016499 -0.93735166 -1.31337704  2.10879698]
 [ 0.8970733  -0.39222139  2.3093575   0.04325813 -0.39231293  0.80880475
   1.45067724 -0.49806778 -3.09581226  0.92390012 -0.48335028 -1.46559675
  -0.0903655  -0.58648227  0.19247902 -1.67902411 -0.77098079 -0.38835375
  -0.90757388 -0.51528971  1.13946028  0.74507146 -0.13969441 -0.6077468
  -1.29169382 -0.48407248  0.60669438 -0.54020368  0.21331049  1.09337298]
 [ 0.83403764  0.70130718 -0.46050407  0.4228884   0.42289455 -0.41818167
  -1.14075759 -0.07766697  0.00766578 -1.0974572  -0.43015723 -0.56881102
  -0.34021654  0.20001435 -0.03412528 -0.33795573 -0.90607992 -0.64545249
   3.02363189  0.76108998  1.25156259 -0.00839975  1.2776267   0.53612048
   0.74225988  1.71146606 -0.80974238 -1.11202997 -0.54578275  0.18141827]
 [ 0.82804012  1.32768167 -1.33261131  0.18716905  1.69485328  0.87420285
   2.27020011 -1.00578237 -0.34877417 -0.24902006  1.1406648   0.46434332
   1.23211289 -0.46192162 -0.38597705  1.48618629 -1.80558192  0.98620684
  -0.92578822 -0.29685042  0.17753289 -1.02096258 -0.58679348 -0.39639978
   0.64526452  1.69869473  0.25676055  0.59361954  0.26545602  1.00387839]
 [-0.07239007  0.11651036 -1.13506809 -0.47726048 -0.66793787  1.30336302
  -0.23025826 -0.40901533 -1.15061049  1.78268312 -0.56266958 -0.99788945
   1.04002778 -0.18990737  1.76976487 -0.02747178  0.02885873  0.12744075
  -0.69925409  0.7743231   1.73190568  0.44555246  0.42135255  0.54955402
   0.99311659  0.77388925  0.31475645  0.24369015 -1.19994077 -0.33802043]
 [ 0.37724251 -0.49494803  0.68488007 -0.69254132  1.29884748 -0.41590297
   0.52701849 -0.63117567 -0.004528    0.05528116 -0.51985881  0.49595446
  -0.4311246   1.33218333  0.22224251  0.83737358 -0.26873949 -0.51227389
   0.25873652 -1.0770362   0.45263458  1.59374777 -0.70980803  1.28670103
   0.9002562   1.00913774 -0.09310728 -0.17751235 -1.24694834  0.78617236]
 [ 0.03270262 -0.43276522 -1.19965055  2.13169214  0.57739905  1.53019818
  -0.80614839  0.51449956  0.07900184 -0.77234121  0.56511355 -0.29396216
   1.14971195  2.33073978  0.87821447  1.13369202 -0.53328849 -0.32024085
  -0.98383993  1.29486808  0.63545504 -0.57991931  0.28047856  1.21378513
  -0.2461803   1.32736144  1.31464659  0.29332569 -0.18213312 -0.30499254]
 [ 1.83494539  0.92792586  0.10612223 -0.33045019 -1.36741654  0.27250681
  -0.49431613  1.14802336 -0.18461775  0.71331676 -0.10617539 -0.36372755
   0.69234401 -1.75245382 -0.89359498  0.94614116  1.01268437  0.33055313
   0.75556934  1.4899489  -0.40117972  1.63361547 -0.80941281 -0.23588609
   1.92459059 -0.02673923  0.77813471  0.02369595  1.16642904  0.40156948]
 [-1.83171655  0.38016154  0.78165893  0.83139735 -3.30442246 -1.44279349
  -0.40797473 -0.33231595 -0.62777804 -0.28416103 -1.63017475  0.1206797
   0.64440015 -0.55567833 -0.53731127  0.02200014  0.89377684  0.43220363
  -2.33842472 -0.19547553 -0.75952649  1.59662058 -0.60270944  0.13130521
   0.88947773 -1.38283766 -0.69935526  0.3367922   1.537414   -0.6620774 ]
 [-0.03506794 -0.32143235  0.42362596  1.34067482 -1.45821461  0.76149152
  -1.86442895 -1.35097156 -0.03550149 -0.39328266  0.03022841 -0.68479578
  -0.74676221  1.34595743  0.58027472  1.69477723 -0.1601052   1.42545944
  -0.36204411 -0.49492777  0.85620517  0.03303065 -0.03489258 -1.21968433
  -0.4105895   0.42917448 -0.21960538 -1.39512089  0.67683092  2.10126506]
 [-0.10267138 -1.06290742  0.97416015  0.36929996 -0.2264853  -0.26587139
   0.63316659 -0.07181804  0.41215684  0.14283931  0.97839613  0.6940001
   1.16722137 -0.264961   -0.33732138  0.30281903 -0.87336671  2.44302214
   1.35130672  0.80530327  0.70491384 -1.83994126  0.22684848 -1.11956324
   1.10290103 -2.5853679  -0.22852689 -0.90761654  1.84879417  0.36015373]
 [ 0.40258908 -0.274032    0.2589902   0.36256158  0.87585566  0.44625212
   1.46470364 -0.00455165  1.34820723 -0.51557028 -0.34403015 -1.89584998
  -0.52644543 -0.28928884  0.12064486  1.0559044  -0.45241407 -0.22937924
  -1.69010358 -0.22419899  0.10680614 -0.85632616 -1.32971011 -0.05352613
  -0.9966902  -1.60800365 -1.93041062  1.78815917 -0.97877746  0.9446846 ]
 [-1.43695154 -2.94083993  0.26408821  0.89443023  0.05592491 -0.23640739
   0.8728459   0.43275756  1.17410643  0.84171448 -0.24835623 -0.85496373
   0.58169818 -1.99292483 -0.79205756 -0.08507913 -0.13527981  0.2921149
  -0.50401826 -0.44020402  0.57287743  0.28865739 -0.34971031 -1.59445495
   2.57265258 -0.71983153  0.43275082  1.71073939  1.05375376  0.63424105]
 [ 0.6344572   0.44325675  0.0987038   1.36074887  0.81537103  0.50535652
  -0.85524264  0.44404853  0.03430632 -0.47958613  0.10088849 -0.91750399
  -1.00277095 -0.4437854  -0.9153397  -0.09733712  0.27543344  0.11724357
  -0.5229577  -0.80719799  0.1319538  -1.32669913 -0.95417221 -1.2457551
   1.73219993 -1.16238738 -0.38103173 -1.20077904  1.33122175  2.25970881]
 [ 0.89128507 -0.19476583 -0.01669303 -1.50766685 -1.29184563 -0.89988992
  -0.16987487  0.87633532 -1.63073584  0.26946376 -1.25838267 -0.28294921
   1.77352637 -0.505052   -0.04328861 -0.96315278  0.52494462 -0.50718769
   0.19426119 -1.3747225  -1.9748994  -0.14671811 -0.42159582  0.68593356
  -0.00917776  0.55213188  1.48059846 -0.31012611 -0.51324215  0.24476099]
 [-0.49801606 -1.54702954 -0.53488304 -0.16082538  1.10375116  0.54902695
   0.03043096  0.40090866  1.36255007 -0.34155751  0.84647853 -1.4231428
  -0.27438096  0.27064625 -1.1796003   1.55427051 -0.27134357 -0.84379918
   1.32167156 -0.43459351  2.02341557  1.58279855 -0.36430069  0.32018293
   0.45414382  0.19594098 -1.1572324  -1.40416772  1.08207446 -1.76561731]
 [-0.19759905 -0.73242406 -1.03539126  1.72624302  0.56424281  1.51994418
  -1.14693398  0.01852171 -1.55675114 -0.96027875 -0.6328674   0.74707168
   1.01952169 -0.21991248 -2.3419623   0.37363118  1.58460838 -0.31101397
   0.75616102  0.14311938 -1.19565745  1.77630728  1.23111873 -0.48629616
  -0.92330969 -0.40179765 -0.17602269 -1.36373639 -0.77772202  0.468363  ]
 [ 1.26572452  0.59654005 -1.52374151 -0.01113857  0.28387317  1.04756729
  -0.57581447 -0.09507473 -1.2111332  -1.35491973  0.60538355 -0.92555054
  -0.05778396  1.34141498 -0.49586893 -1.17287657 -0.36296122 -0.91301769
   0.50857434  1.46181223 -1.14412236 -0.00364582  1.97781365 -0.31873882
   0.80696213  0.08153787  0.17683004 -1.78576581  1.18713412 -1.07525046]
 [-0.1313346  -0.16341149  0.54120434  0.41265534  1.89200728  0.61780848
   1.55510933  0.75529024  1.06620634 -0.56761229  0.75833762  0.57695799
   0.18599957  0.32381426 -0.50436181  0.82198759  0.69255129  1.26888891
   0.91142913 -0.28509311  1.46521408 -1.06114155  0.89544721 -0.22615235
   0.6372839   1.00298901  1.43646964  0.45605825  0.76226115 -0.43513419]
 [-0.84446927 -1.68158775 -0.79317922  1.56671233  0.45994551 -1.2274197
  -0.80588498 -0.34178204  1.53143579 -0.16589226 -0.51317153 -1.09532586
   1.98252907  0.36806761  0.06396712  0.11191765  0.17564134 -0.23276044
   0.76045006 -1.50763606  0.52468355 -1.0087116  -0.36008615  0.38844481
  -1.76192014 -0.57383288 -0.06655286 -0.40339312 -0.56637303 -1.31031041]
 [ 1.71733542  0.11460996  1.47990073  0.30933076  0.3665846   0.49151372
   0.06471214 -0.0786226  -1.36702274  0.54775501  1.41626627  2.21184403
   0.0547257  -0.32649494 -0.33364058  0.55096916  1.27908784  1.18390416
   0.37712701  0.97689599  0.99389837  0.0723113   0.10984216  0.09155427
   1.03458073 -0.15224548 -1.13705231  0.76785408 -0.59049367 -0.64583345]]
