-7.363891959985472413e-01
5.770291618141200063e-01
6.976503933113938904e-01
-1.051670412626976692e+00
1.703618416004130776e+00
1.154985778237441085e+00
7.387140031554992881e-01
-7.717819244885623098e-01
7.278345723196946171e-01
-5.306054767266374927e-01
-1.473133245851470763e+00
-2.386085885483252567e-01
-9.209071081512078261e-02
-1.163348237450948064e+00
2.176834029382473723e+00
-5.139277499211943878e-01
-2.152644247401100941e-01
-4.739918945443625797e-01
4.621488525996111929e-01
4.757777168391620903e-01
9.021957145420762825e-02
-2.388273893235463852e-01
2.035051173496048804e+00
6.283688199072194891e-01
-1.475283565408531006e+00
-3.210466201489847737e-01
9.796680935793876388e-02
-2.167855498008367299e+00
1.147477620223541273e+00
6.359401785645967253e-01
