1.822967799501017202e+06
-1.132363136033449089e+06
2.639217133245176449e+07
1.786777890562817082e+07
1.748423565908941254e+07
-2.765310934201202542e+07
1.931409644279412553e+07
-1.304777325657595135e+07
2.030460265944506973e+07
6.856627452339009382e+06
-2.408495498299917951e+07
-9.662728784044340253e+06
9.753547885688530281e+06
4.487903192026928067e+06
1.215316761825060286e+07
-4.638248439825452864e+06
2.457596152793985326e+06
3.185467589212368708e+06
-9.664699875079169869e+06
-1.493740991490113782e+06
2.219597785039926413e+06
-5.340688588114668615e+06
-8.068826667501214892e+06
2.566678320149960462e+06
-9.905772996481951326e+06
-1.195115602561163157e+07
7.180187539245476946e+06
4.203690894679786637e+06
-1.131139949194016121e+07
-1.501546520218373742e+06
