-1.171695088915596530e+07
5.157160660196712613e+07
-1.277755196571789086e+08
-9.487569361854317784e+07
-5.417284424918315560e+07
1.903277051025810540e+08
-1.107842331247430295e+08
1.018170225485022515e+08
-1.454143864758339226e+08
8.353235436683194712e+06
9.263643881537088752e+07
1.053168943378070891e+08
-3.835827379181026667e+07
-4.494071052056058496e+07
-5.406625494040811807e+07
7.906144115769794583e+07
-5.941888731673354283e+06
4.281475279525513202e+07
-4.079006879078721255e+07
-4.268467335285782814e+06
3.587711580185282230e+07
4.845313988136775047e+07
9.446612094979822636e+06
-3.796991496887015551e+07
4.879056686520896852e+07
-7.468516191292815842e+06
-8.653396436805897951e+07
-1.350704946775005944e+07
5.872904608650923520e+07
2.220008402977257501e+06
