1.903608451902117491e+09
-4.300012266227402496e+10
2.132289305964543152e+10
-1.141151907472090340e+10
-1.605269462212021637e+10
-2.682803921460199833e+09
-1.875963573988521099e+09
-1.673278593620833397e+10
6.304295789105817795e+09
2.310577186691273117e+10
-6.026241297871271133e+09
4.631635148522933960e+10
-3.918762036381768799e+10
3.401568271949242783e+10
-2.852478036570311737e+10
-8.184635638444549561e+09
1.591128946819355774e+10
1.847640713350680542e+10
1.260448459628175735e+09
-4.845953940998847008e+09
3.382347948751791000e+10
7.839073575065157890e+09
2.668584136541053772e+10
5.223108051144771576e+10
-1.034117261716494179e+10
-2.173452873172004700e+10
-2.802823960482406235e+10
-1.168382293035165977e+10
-1.243599972771794081e+09
3.039781850058572388e+10
-1.639432312820974159e+10
-3.057207820056430340e+09
9.382420814266450882e+09
8.230431218408111572e+09
1.804987403657659531e+10
1.373069962311745644e+10
6.090081744621562004e+09
6.786440088270009041e+09
-1.659424587931967163e+10
2.948148577438251114e+10
1.019781104636192703e+10
7.221088237803970575e+08
1.600382352168674278e+10
2.655476633191449738e+10
1.048253967480418205e+10
-5.771330645906681061e+09
-2.744933043774932861e+09
-1.118220223933525848e+10
1.767966757395693207e+10
-3.583150638979495239e+10
