-2.290778673307199402e+11
3.564072579210047607e+11
-1.918218798350649261e+10
3.433263924990236282e+10
1.035138925747110291e+11
-1.312857270722805786e+10
1.125230967057245789e+11
-4.204607859906914520e+10
4.409328821556525421e+10
9.417843674210186768e+10
-5.209667435845545959e+10
8.680005374835360718e+10
1.514422700907682800e+11
-2.225192301437759094e+11
1.947375684870793152e+11
-1.856416994109970474e+10
-7.603744757016091919e+10
-1.635165095374850159e+11
-6.663181603388793945e+10
-2.463989425834876099e+11
-4.830132459938765717e+10
1.284419564529259491e+11
-8.894479412469284058e+10
8.925258239708518982e+10
2.581472212697109985e+10
1.953782335651033783e+10
9.572571321151991272e+10
4.535244018592743683e+10
-1.257404502973152161e+11
-3.290434646823038483e+10
-4.324989106268436432e+10
1.258604423950059509e+11
-1.973117209447662354e+11
-4.454657748379922485e+10
-5.607224470485733032e+10
2.225262571141434021e+11
2.454070979711638794e+11
2.064159559647561035e+11
9.022521298469891357e+10
-4.669741249847447968e+10
-4.675323054990731812e+10
-1.514762983377107239e+11
3.700058161976963806e+10
-7.554519263225395203e+09
-1.497805832000506401e+10
-3.074585812040646973e+11
2.101748895349194641e+11
-3.611437286937502441e+11
-1.616170203279735718e+11
2.127492407333966064e+11
