4.715575116741917114e+11
-7.805338246342824707e+11
-1.449620286655170410e+12
5.977416924022624512e+11
3.767748298194442139e+11
8.045545109270129395e+11
-1.432661929202694092e+12
1.762914351222145996e+12
2.718118352196984253e+11
-1.770611030336135010e+12
1.235952679755842529e+12
-2.632229251030974609e+12
9.805484327335826416e+11
-3.633632418037453003e+11
-8.781835829312738037e+11
-3.389554310989833374e+11
-7.836731706027277832e+11
-9.139884057347708740e+11
2.446141545361183167e+11
1.582885313798805664e+12
-1.009078908612333618e+12
-1.001311651188840088e+12
2.536059163983370056e+11
-3.785126048045125488e+12
1.732218557565532471e+12
1.394294203620646484e+12
1.038564938443366821e+12
-1.549826967013130615e+12
1.102297882248740723e+12
-1.520739867217413330e+12
1.055184217122951782e+12
-1.216813407069660889e+12
1.162378186941000214e+11
-5.159425397604309082e+10
-7.277025802034698486e+11
-1.743734688048993896e+12
-1.215018231845067383e+12
-7.203598596050704346e+11
-7.868175348152416992e+11
-6.489166820239666748e+11
1.629452345945244141e+11
3.829841427511848145e+11
1.377087507608068115e+12
-1.146081580058855225e+12
8.423354642114895020e+11
1.548897658894881836e+12
-5.116508266011948853e+11
1.560599648827742432e+12
-1.674419838407619019e+11
-8.454801081989822998e+11
