-3.003630104334837341e+10
1.480677542575650978e+10
1.543566929584042931e+10
-3.898890425445615387e+10
1.744546113424176407e+10
-6.704503606017760277e+09
-2.464461482787677765e+10
8.443159198033267212e+10
8.652285276777238464e+10
8.531945995903312683e+10
-1.644807169284170914e+10
4.405197234060373688e+10
-5.914082512402326584e+09
-1.509563443569420815e+10
-1.108985953378736572e+11
1.206948999626698112e+10
9.156080585485078430e+10
-1.965275969144580364e+09
1.694399429668332100e+10
4.608431679350890350e+10
-3.884303395535927582e+10
6.634183258046150970e+10
3.490366206551164627e+09
2.747263670079011917e+09
-5.076178272735956573e+10
-2.002048703165027618e+10
5.919066096413927460e+10
-7.946158934408288574e+10
-3.534402182175605011e+10
1.125029976204857178e+11
