-6.681253920493858594e+13
1.803947064582716562e+14
1.768135287623263672e+13
7.753547403098924561e+11
2.664665414292674219e+13
-5.407586703322789062e+12
7.656265697606387500e+13
-1.043646810941365234e+13
6.068719960967957031e+13
3.510902094622366406e+13
-1.977319228573446094e+13
2.676686625097210938e+13
7.941709933105612500e+13
-9.233180188540082812e+13
1.126650561139239844e+14
-4.034399354673912500e+13
2.798289600309255859e+13
-3.710274866596035938e+13
-6.471169994513799219e+13
-9.557882293079853125e+13
-4.228790954707233594e+13
5.083580680450609375e+13
-2.478387135722701172e+13
1.343952828723990625e+14
1.292326287690100391e+13
-1.082533152601919727e+13
3.920203787952929688e+13
1.462594039286543555e+13
-6.062970558960865625e+13
1.394227814771097070e+13
-4.714363754979375781e+13
8.745323885418725000e+13
-2.787136335485589453e+13
-2.367679676739177246e+12
-4.539358638993394531e+13
1.456202321266858125e+14
9.666665876381162500e+13
7.539482583816901562e+13
5.325581458215537500e+13
2.153668774440941797e+13
3.632268103260289844e+13
-7.509450445523743750e+13
1.380262562063646875e+13
6.281101614629825781e+13
7.932033085295196289e+12
-1.329752919724531875e+14
4.849435171542018750e+13
-1.290040997755720625e+14
-2.634515428463101172e+13
1.630129281596863438e+14
