3.735003395813905273e+12
2.130947022155508728e+11
-2.188508922747521973e+12
-1.494944555461242920e+12
4.697519014498230743e+10
-4.195859304236109375e+12
-4.586927450805308594e+12
-5.773442162421569336e+12
-2.009138939364732178e+12
1.630066088548381592e+12
5.010771339027861328e+11
-3.112828800697349121e+12
2.240361406237178040e+11
-3.249733036517804688e+12
-4.247443642173569824e+12
6.320938839455123047e+12
-4.430946343315626953e+12
9.094537798672552490e+11
2.251188774231769043e+12
-1.513347503963260498e+12
1.100327870264263428e+12
-1.270015406119623047e+12
-1.985993634121812744e+12
2.962034878487270020e+12
3.546287201470759277e+11
-1.915705459564763641e+10
-4.558854510576799805e+12
-3.490596953286444336e+12
-8.066552000626319580e+11
3.764459660391754395e+12
