-2.927181678373879297e+13
-8.738990269082233398e+12
3.317764852467476953e+13
1.314404465406035645e+12
1.879039563182274219e+13
3.172540606993777734e+13
2.557206105583695312e+13
1.090974705699708008e+13
-1.802696656573012891e+13
-1.695757083198499609e+13
1.048488148593005127e+12
1.632231359193705811e+12
1.612121620842317871e+12
1.590090045047295117e+13
8.558442696275028320e+12
-2.905908662093653516e+13
6.949210601619148438e+12
-1.452351898759195703e+13
-6.918806390354488281e+12
-2.803387950674786133e+12
-1.525677845399630859e+13
1.940929596314819531e+13
-1.150175545149246094e+13
-7.586452153847259766e+12
-2.166127090754364844e+13
8.604325292022843750e+12
9.753290586113736328e+12
2.271753004465156250e+13
-6.785771377533019531e+12
-1.076356668069874219e+13
