4.627776687089445000e+14
3.198351058617310000e+14
2.704520071687617500e+15
1.874009628382093500e+15
1.293957658376820500e+15
-2.309576065871064500e+15
1.582355361845308500e+15
-1.725642292267213250e+15
2.361699047312349500e+15
-1.027071638580956641e+13
-1.742490580724988500e+15
-6.252499502403078750e+14
7.623325356286472500e+14
2.038955720520974375e+14
6.898833642926821250e+14
-1.265959699763048500e+15
-6.927159643300577500e+14
-5.662496082969122500e+14
5.788785555021022500e+14
-1.958553626724776875e+14
-1.073986799490481562e+14
-6.616253183047902500e+14
-1.683701894878850625e+14
1.109572028049504125e+15
-6.187023793132618750e+14
-1.608194637275667812e+14
1.179507591785474250e+15
-5.471986445913134375e+14
-1.017491414971125000e+15
-2.876411028279751250e+14
