1.632462134494096640e+18
-5.291482320295087104e+18
1.397864534640382464e+18
-3.526699250415504640e+17
-1.923409273132034304e+18
-2.353271146951166464e+18
-1.512620673330752512e+18
-2.105924636510482176e+18
-2.392507027349305856e+18
2.795327590659854336e+18
-7.702258195567043840e+17
3.973159131052025856e+18
-4.422612226196771328e+18
3.965225876335383552e+18
-4.732652203480514560e+18
-3.973745343774397440e+17
1.688192869171300608e+18
4.822055012599264256e+18
7.085297249242590720e+17
1.219470010567434240e+18
2.495956900877884928e+18
-2.339491165473616384e+18
4.892959391382800000e+16
1.397127335045404928e+18
-8.980505214437780480e+17
2.946105646267552000e+17
-4.990490121063311360e+18
6.264617771651846400e+16
7.115585748568427520e+17
1.015108618734527616e+18
2.932384177122956160e+17
-2.294648691687905536e+18
2.508981763835069952e+18
-5.338444532747323520e+17
2.058249123344371520e+17
-1.795581121469217024e+18
5.223544214846712320e+17
-1.124481896696672768e+18
-2.451540826589936640e+18
-8.024016144147315200e+16
1.313414912210796288e+18
4.828945873705653248e+18
-3.611554737721287040e+17
3.170442230703169280e+17
-7.654968046757236480e+17
3.088136334708625408e+18
-5.839609296621646080e+17
4.003354527657186304e+18
2.955525408999843840e+17
-3.035150573444815872e+18
