-4.375366056518747791e+04
4.629880411155512411e+04
-9.124162618826083781e+04
-6.611088457287414349e+04
-4.419719142203428055e+04
1.516431283784138504e+05
-8.265501217417648877e+04
1.273375868427857495e+05
-2.659278447570835851e+04
-1.717252025396550016e+04
1.455659165810253762e+05
8.796526132122351555e+04
-5.058091362678400765e+04
-5.331825306207692483e+04
7.204691449659426326e+03
-4.806245239825198223e+04
-2.602145506337161351e+04
-5.176404389146518952e+04
5.439255363092300104e+04
-6.093378838566528657e+02
4.050289419379839819e+04
-2.562606301852499018e+04
6.288899511394533329e+04
-3.245361245499290453e+04
5.182408329303517530e+04
5.172864599189160072e+04
-6.601092630210602692e+03
-1.671804137836592781e+04
5.045761212228744989e+04
-5.994748397119149740e+04
