4.110144777596075553e+06
1.675176600165536627e+06
-6.419294541880922392e+06
2.045299656402580906e+06
-9.807225501891020685e+06
2.016166681348140992e+04
-2.627521771709789056e+06
7.137554772756339982e+06
5.607446390500666574e+06
1.223697898402467836e+06
2.812850740533394739e+06
1.793100105782557046e+06
1.869538054721896478e+05
1.998344126642414602e+06
5.348152203283315524e+06
1.220475906556842849e+06
8.574483804508788511e+06
4.680192914988606237e+06
-1.712081031850133790e+06
3.877367424797683023e+06
3.975107891599670518e+06
-7.216804846672018059e+06
3.652299768753152806e+06
2.059314809770263964e+06
1.150007327995971031e+07
-4.636631769466293976e+06
1.992578284044315806e+05
-5.769978696723118192e+05
5.826123886372805573e+06
-3.371177571737261489e+06
