[[  1.49920645e+00  -5.74267133e-01  -1.44242557e+00  -1.36336505e+00
    2.86463272e-01  -2.40046407e+00   2.06558830e-01   9.29159208e-01
   -3.74098077e-01   9.93866905e-01  -2.33616350e+00   6.64182011e-01
   -8.02999564e-01   4.97584834e-01   5.03543558e-01   8.31994683e-01
   -5.06026827e-02  -1.05306837e+00  -3.93905521e-01   1.41044031e+00
    8.80425535e-01  -6.57252408e-01  -6.83525585e-01  -8.40284712e-01
   -7.56864342e-01   3.11651319e+00  -1.33633769e+00  -1.10906366e-01
   -7.88063887e-02  -3.11436872e-01]
 [  5.07749718e-01  -1.03099692e-01  -2.02828475e+00  -6.04758054e-01
   -6.97844242e-01  -8.94243182e-01   6.05301215e-01   6.02059027e-01
    6.34789756e-01   1.02081413e+00  -4.90763761e-01  -6.49447959e-01
   -5.26701043e-01  -1.54948750e-01   1.23111479e+00   3.75759408e-01
   -1.36320093e-01   4.07858162e-01   1.14927644e-01  -5.81706468e-01
    1.63603749e+00   1.60062418e-01  -5.87110350e-01   1.04023823e+00
    2.83517792e+00  -6.90914598e-01  -2.39412031e+00  -8.64827447e-01
    5.49208890e-02   6.00649258e-01]
 [ -6.49507241e-01  -2.44686936e-01  -1.92954244e-01  -2.11717609e+00
    1.21310958e+00  -5.70731281e-01  -1.01382753e+00   1.95832452e+00
    1.55898415e+00   4.14310866e-01  -2.59002471e-01   2.43221357e-01
    1.11320728e+00  -1.20401636e-02   3.28816879e-01  -1.10587862e+00
   -6.94876772e-01   1.64174420e-01   1.44494346e+00  -1.07573123e-01
   -9.80887492e-01   8.43407523e-01   4.42791507e-01   1.03212715e-01
   -5.15035676e-01   4.30341707e-01  -8.30701331e-02  -1.30378756e+00
    1.53893614e+00   3.68734836e-01]
 [ -1.19907779e+00   1.44574599e-01   3.82401512e-02   8.46858376e-01
   -1.07043663e+00   5.36643184e-01   9.99934823e-01  -1.07750945e-01
    9.92812921e-01   3.98095039e-01  -2.25569779e-01  -1.23071085e+00
   -4.38627159e-01  -3.60869078e-04   1.19779326e+00  -1.12037932e-01
   -1.97389240e-01  -1.83360616e+00   2.13966870e+00  -3.42212405e-02
   -4.75733837e-01   1.19416754e+00  -5.28935836e-02   1.36815609e+00
    5.51222198e-01   5.56242549e-01   6.89838144e-01   7.83419844e-01
    9.04002509e-01  -1.02036171e+00]
 [ -3.47675594e-01   1.80919259e-01  -7.80460122e-01  -4.01355653e-01
   -6.14530970e-01  -6.09096391e-02  -1.04388145e+00   2.54310737e-01
   -6.35732169e-01   4.11362160e-01  -9.23636497e-01  -8.09411516e-01
    9.77813239e-03   2.92358411e-02   8.85129819e-01  -6.04723531e-01
    2.91553542e-01   6.70517582e-01  -6.12547096e-01   1.24283868e+00
    7.35363798e-01  -3.35511671e-01  -2.61289034e-02   5.11115484e-01
   -1.02201716e+00  -5.96655452e-01  -4.88116576e-01  -1.66518049e-01
   -9.21003254e-02  -6.25600698e-01]
 [  6.00752031e-02   1.13938650e+00  -3.63568074e-01  -4.46332403e-01
   -1.51054593e+00  -3.21572432e-01  -2.53685588e-01   3.02007883e-01
   -6.82927754e-02   2.06670335e+00  -5.12466342e-01   9.68201312e-01
    1.35154108e+00   2.81903958e-01  -6.58604333e-01  -1.16476776e-01
    3.44813020e-01  -7.70039336e-01   2.00816423e+00   4.17400132e-01
   -9.68123761e-01  -6.16397331e-01   1.47267147e-02  -2.49653539e+00
   -1.14090112e+00   2.31371405e-02  -6.44057519e-01   5.60211044e-01
    1.34173256e-02  -1.11168217e+00]
 [ -1.09962734e+00   3.53823330e-01  -9.69909573e-01  -6.23614664e-01
    1.51328962e+00   2.99927201e-01   3.39597365e-01  -1.13197175e+00
    2.04979202e+00   1.22837435e+00  -2.90264809e+00   8.70042467e-02
    1.57707176e-01  -9.75293173e-01   6.65648566e-01   5.08615631e-01
   -8.02463638e-01  -7.50950812e-01  -2.13707949e-01   1.21475540e+00
   -1.15485927e+00  -1.31807953e-01   7.45253229e-01  -1.90207847e+00
   -4.45956191e-01   3.05263619e-01  -1.62563485e+00  -9.56755425e-01
   -8.12770764e-01   1.12976625e+00]
 [ -5.34765298e-01  -7.25195167e-01   9.46689375e-01   7.15125539e-01
   -7.62049083e-01  -7.72158694e-01   6.98407975e-01   6.06577649e-01
   -6.39841679e-01   1.06038833e+00  -1.30714740e+00  -7.09538642e-01
   -9.62689033e-01  -1.73175776e+00  -1.50210232e-01   1.53643981e-01
    4.51648197e-01   1.73303857e-01   8.60177742e-01   1.27155825e+00
   -1.10891469e+00   1.95166665e+00  -5.73837021e-01   6.19630224e-01
   -5.49701603e-01   1.51333228e+00   5.03835883e-01   1.34173375e+00
    1.24599269e-02   6.48192916e-01]
 [  4.32389832e-01  -7.37434752e-01   1.46995631e+00   9.29346191e-01
    1.09672595e+00   5.30581161e-01  -4.29774733e-01   1.23834308e+00
   -1.53855786e-01  -7.40602578e-01  -2.19140957e+00   6.02658649e-01
    3.12240709e-01  -3.98045769e-01  -1.30285607e+00  -8.28317771e-01
    3.43766984e-01  -2.14006018e-01   1.53026386e+00   9.09615420e-01
    1.28154680e-01  -7.56980357e-01  -1.43613426e+00   1.52824081e-03
   -1.89416794e+00   1.16652428e-01   4.42773037e-01   4.95792273e-01
   -1.21850112e+00  -7.16240185e-01]
 [ -1.09511350e+00   1.07208510e+00  -5.20564976e-02  -9.21719362e-01
   -5.18796428e-01   3.66338147e-01  -8.42897167e-01   8.67042278e-01
    1.16222892e+00   8.84330676e-01   5.39573899e-01   3.97686869e-02
    5.41728652e-01   1.70512045e+00  -4.48700762e-01  -2.27491162e-01
    2.53049770e-01  -9.78535808e-01   1.28972615e+00   1.25877225e+00
    1.69557868e-01  -9.37821706e-01   7.13237147e-01   5.32166326e-01
    8.04278676e-01   4.76309322e-01   4.22580156e-01  -1.09822200e+00
    8.49169664e-01   1.88536730e-01]
 [  9.52822124e-01  -7.15223880e-01   1.76664550e+00   2.56713021e-01
    1.00255370e+00   7.16105673e-01   1.06813944e+00  -9.88681820e-01
    2.24211007e-02  -3.65268420e-01   5.70496757e-01   6.69424751e-01
   -5.17641837e-02  -9.01521361e-01  -6.12271247e-01  -1.94898912e-01
    2.17915253e+00   8.80205390e-02  -1.39572218e+00  -5.20947190e-01
   -8.44198596e-01   9.10852436e-01   1.61806900e+00   9.62142699e-01
    4.85930191e-02  -8.11458558e-02  -3.63419866e-01  -4.74609773e-01
    1.75443818e-01  -6.33676348e-01]
 [ -2.00420896e-02  -2.72702519e-01   6.41783592e-01  -8.85736009e-01
   -1.09760894e+00   5.65680779e-01  -4.17840489e-01  -1.60424091e-01
   -4.53643540e-01  -4.48177105e-01   4.18879787e-01  -7.25618777e-01
   -1.25372710e+00  -1.69215104e+00  -4.18950401e-01  -1.52438221e+00
   -5.69245814e-01  -4.55827145e-01  -1.70471478e-01   5.25444796e-02
   -4.52712350e-01  -8.48702185e-01   1.46954553e+00   1.17111040e+00
   -5.82932529e-01  -6.19955644e-01  -6.66095820e-01   7.71039058e-01
   -5.62454355e-01   1.99095113e-01]
 [  6.02979027e-01   1.78413282e+00  -1.27207095e+00  -3.13841855e-01
   -1.31538354e-01  -5.14105307e-01  -3.71452987e-01  -2.13742022e+00
    1.05820850e+00  -8.87162924e-01  -1.59747936e+00  -2.25834392e-01
    1.05421451e+00  -1.89385447e-02   4.54371225e-01   1.27904106e+00
    6.32679535e-01   2.24234572e+00  -8.19331650e-01   1.48112270e-01
    6.65943007e-01   1.09722061e+00  -1.53153765e+00  -9.14930734e-01
   -7.31653006e-01  -1.31054540e+00   1.28266386e+00   4.18696354e-01
    8.38162135e-01   1.26101741e-01]
 [  6.88708654e-01  -5.55443812e-01  -1.13099586e+00   7.67531705e-01
    7.65676459e-01   6.08879320e-01  -3.86646527e-01   1.02737899e+00
    1.86374872e-01   1.73814145e-01  -4.30384958e-01   2.51592412e-02
   -1.69519977e-01   1.17671481e+00   2.95275144e+00   4.91128122e-01
    1.71746896e+00   9.37323649e-02   3.03000737e-01  -1.51017722e+00
   -9.72929711e-01  -3.27641189e-01  -7.80321430e-01   4.36644223e-01
   -8.17319781e-01   1.91418803e-01   1.02703911e+00  -1.14265148e+00
   -4.24848489e-01  -1.73935884e+00]
 [  5.85904196e-01   2.90811853e-02   1.50101954e+00  -2.19255815e-01
    1.84118398e-01  -7.84067560e-01  -9.41128783e-01  -4.07925221e-01
    1.55626257e+00  -3.50749651e-01   2.28499522e-01  -2.62781407e+00
    1.78198434e+00  -2.56384501e-01  -5.88482625e-01   1.08439316e-01
    3.05094331e-01   8.58660937e-01  -3.06833341e-01   1.12499934e+00
    7.84213430e-01   2.45268138e-01   1.70054860e-01  -2.42788372e+00
    1.52244294e+00   1.58108326e+00   3.59053696e-01  -2.80293184e-01
    1.55722986e+00  -6.83094131e-01]
 [ -1.21275980e+00  -1.31464379e+00  -5.08949922e-01   9.07991542e-02
    6.30758747e-01  -1.68116518e-02   8.57010363e-01  -4.64995451e-01
    4.20553756e-01   8.71154257e-01   3.34640115e-01  -4.08881067e-01
   -9.87812157e-01   4.01712093e-01  -9.91839238e-02   1.40836192e+00
   -1.51754191e+00   3.71272512e-01  -5.45238117e-01  -1.67989034e+00
    1.01724628e+00   4.21472870e-02   2.00073929e-01   1.54709448e+00
   -1.37831549e+00  -2.60310540e-01  -1.06702312e+00  -4.13964996e-01
   -8.97803898e-01   1.24583051e+00]
 [ -1.13607098e+00   6.17224590e-01  -6.73363335e-01  -5.03914982e-01
   -6.63308490e-01  -2.19771420e+00   1.64533292e-01  -1.32446631e-01
   -7.45986216e-02   1.57230575e+00  -1.04458159e+00   1.36044759e+00
    4.33997181e-01  -9.81863842e-02  -3.81379357e-01  -1.92925777e+00
   -8.84750500e-01  -1.04663165e-01   8.47975814e-02  -2.54848236e-01
    1.85405054e-01  -2.43581749e+00   1.10256778e+00  -1.64725320e-01
   -1.51615931e+00  -2.35228681e-01  -8.68214348e-01  -1.63477684e+00
    1.14879761e+00  -1.50337595e+00]
 [ -3.61885426e-01  -2.80224790e-01  -1.52365657e-01   6.31606005e-02
   -2.99835792e-01   4.76233185e-01  -3.37938711e-01  -1.34727357e+00
   -1.42623877e+00  -1.41719058e+00  -6.40973258e-01   1.32888710e+00
   -2.18753665e-01  -2.74306364e+00  -3.49493275e-01   1.47421493e+00
    8.56792186e-01  -9.01296304e-01   5.56779026e-01   8.88074647e-01
   -4.16378579e-01   3.51045019e-01  -6.80958270e-01  -9.60961662e-01
   -9.71021239e-01  -5.55238578e-02   7.97150216e-01  -1.18538260e+00
   -1.84878630e-01   1.66239644e-01]
 [ -7.52361081e-01  -7.08343179e-02  -4.32936809e-01  -4.01214046e-01
   -1.00420567e+00  -3.98073775e-01   1.54024771e+00   1.31551383e+00
   -1.03062948e+00   1.34419302e+00  -6.25661719e-01   4.92949835e-01
    7.16139517e-01  -1.17652820e+00   2.79268631e+00   5.77281137e-01
    6.56374014e-01   2.54283349e+00  -7.75496780e-01   3.76880373e-01
   -1.88180877e+00  -9.71841040e-01  -5.42585012e-01  -2.31579680e-01
   -1.13166621e-01  -1.36640514e+00   1.66282133e-02  -2.83527321e-01
    2.09181037e-01  -4.30338858e-01]
 [  3.32143217e-02   1.35273089e-01   1.17061337e+00  -6.07057892e-01
   -9.53757028e-02   1.08653197e+00  -3.77459678e-01  -8.85142332e-01
   -2.02742761e-01  -1.02616410e+00   1.62794755e-01   7.77230307e-01
    4.39498253e-01  -2.83100554e-01  -1.20982789e-02   1.54417887e-01
    6.98371859e-01   7.54324560e-01  -1.66858311e-01  -6.67181785e-01
    1.65403369e+00  -1.68050173e+00  -6.29992259e-01  -1.00843758e+00
    5.33691020e-01   9.52446102e-01   5.94597642e-01  -2.10310104e+00
   -1.25665871e+00   7.36093030e-01]
 [ -4.60676319e-01   2.01287549e+00   2.89750627e-01   9.36805433e-01
    5.40676066e-01   2.11443925e-02  -1.46358967e-01   1.92557083e-01
    1.42855216e+00  -3.60414906e-01   4.58097473e-01   1.59455890e+00
   -2.26969758e-01   1.75142280e+00  -1.53509225e+00   1.67750069e+00
   -7.75135933e-01   4.92345742e-01   3.71186653e-01   9.80187486e-01
   -2.00553778e-01   1.71800039e+00   1.07584028e+00   8.25331760e-01
    6.07727763e-02   3.66525086e+00   2.88549876e-01   4.18836650e-01
   -1.00920569e+00   1.73686458e+00]
 [  4.58677081e-01  -8.30463452e-01   1.53391546e+00   3.17969890e-01
   -3.21825929e-01  -2.32625501e+00   7.47790559e-01  -5.95211562e-01
    9.91684392e-01   2.02184095e-01  -7.04713712e-01  -1.23434359e+00
    2.25948649e-01  -1.35378123e+00   7.08608516e-01  -5.83274925e-01
   -2.21289249e-02  -2.93863486e+00  -2.91362064e-01  -8.78240102e-01
    1.08353636e+00  -1.33790526e+00   3.70227198e-01  -1.38892698e+00
    2.16379139e+00   1.66690070e+00   9.55362115e-02   1.79583957e+00
    1.63071482e+00  -1.05319778e+00]
 [ -2.02348239e-01   1.78056643e+00   1.36558911e+00   1.16459937e+00
    1.78251155e+00   6.84396382e-01  -6.70284113e-01  -3.41825687e-01
   -8.97051001e-01  -5.86759428e-01  -1.81246936e-01   8.82006720e-01
   -1.47547533e-02   3.03125662e-02   7.71794344e-01   8.29329242e-01
   -5.31959811e-02  -1.17902437e+00   5.48573734e-01  -8.83197993e-01
    1.25747142e+00   5.03160702e-01   5.61900716e-01   4.82249822e-02
    7.28238718e-01  -6.92298981e-01  -2.58476206e-01  -2.29372028e-01
   -2.07989422e-02   3.14754302e-01]
 [ -9.67689714e-01  -5.36339372e-01  -4.99943547e-01   1.36285224e+00
    5.79695258e-02  -4.31665130e-01   1.89969929e+00  -3.77075636e-01
    1.04726165e-01   9.14301136e-01   2.69256280e-01  -1.20947563e+00
    6.65224204e-01   1.15737507e+00  -4.00309795e-01  -1.44542806e+00
    6.22020567e-01  -1.17474962e+00   1.34184976e+00  -1.02928147e+00
   -5.98847830e-01   2.71391712e-01   2.91873248e-01  -1.91581238e+00
   -6.68442809e-01  -4.41437771e-01  -7.02809957e-01   1.35535817e+00
    1.23020007e+00  -8.62456290e-01]
 [ -7.54352717e-01   2.05473651e-01  -2.59353321e-01   1.60666279e-01
   -8.72555529e-01  -1.13367029e+00  -9.23899892e-01  -5.17753255e-01
    1.08008734e+00   1.70589916e+00  -3.55957651e+00  -5.86443946e-01
    5.24645237e-01  -1.14463794e+00   1.25297363e+00   2.71857215e-01
   -2.97451697e-01   8.86304923e-02  -2.04608839e-01  -1.41992884e+00
   -2.44649184e-01  -1.95142300e+00   8.17644123e-02   5.34742527e-01
    1.06023884e-02   9.55179100e-01  -5.21810794e-02   6.85242366e-01
    4.73221364e-01  -1.57938720e+00]
 [  1.16132304e+00   8.59583484e-01  -8.23282801e-02  -4.37416694e-01
   -4.87582939e-01  -1.46918856e+00  -1.78470335e+00  -6.95825472e-01
   -5.25175810e-01   1.91432694e+00  -1.67762928e+00  -1.65713472e-01
    1.18416368e-02   1.55172593e+00  -5.24386990e-01   7.30343108e-01
   -1.16202023e-01   1.74980661e+00  -1.89002699e+00   1.34087250e+00
    4.61140182e-01   4.34066270e-01  -1.08435398e+00  -1.23779449e-01
   -6.60067576e-01   3.27351111e-01   1.01601594e-02  -7.83204805e-01
    6.53640692e-01   5.59607347e-01]
 [  1.92469690e+00  -7.41200704e-01   2.64466817e-01  -2.06051191e+00
    2.25993326e-02  -6.18100097e-01   1.75027067e+00  -4.02109074e-01
    5.99098911e-01  -2.67234735e-01   6.18239987e-01   5.98205634e-01
   -1.60193696e-01   5.37061728e-01   9.06354131e-01   1.27427340e+00
   -3.46942546e-01   5.48195625e-01   1.05852112e+00   1.28893727e+00
    1.63061619e+00  -2.98037390e-01  -9.39979493e-01   1.34170393e-01
   -7.20459601e-01   5.80569062e-01  -1.02096539e+00  -5.01910880e-01
   -1.50071574e+00   2.35960743e+00]
 [  5.41498606e-01  -9.20757705e-01   2.41124981e-01  -9.95107317e-01
   -1.62011566e+00  -1.27572055e+00   7.05100526e-01   1.45557523e+00
   -2.67895111e-01   1.14940005e+00  -1.56182539e-01   6.26030569e-01
    5.90345580e-01  -3.01526349e-01  -8.03380891e-01  -1.58269382e+00
    1.72392559e-01  -7.87874735e-01   1.05574362e+00  -7.38376492e-01
    4.39532017e-02  -1.40530650e+00   9.29062544e-01   3.51362782e-01
    6.73481139e-01  -1.23356134e+00  -6.76278215e-01   1.72893426e+00
    7.87435165e-01  -1.58897076e-01]
 [  7.42815314e-01  -3.58831811e-01   7.96923966e-01   1.36537653e+00
   -1.54336671e+00  -1.15417986e+00  -1.12636836e-01  -4.11270533e-01
    1.07726966e+00  -4.88565943e-01   1.17052904e-01   1.30927066e-01
   -1.16238116e+00   1.78832886e-01  -1.66739580e-01   1.94681459e+00
   -1.69184022e-01   7.38969708e-01  -4.21064791e-01   3.97489542e-01
    8.20548421e-01   2.35653616e-02   8.94769423e-01   1.37038293e+00
    1.16877847e+00   7.20704665e-02  -2.00780282e-01  -8.58958958e-01
    9.04378941e-01  -2.56288601e+00]
 [ -1.63271485e-01   1.37236582e+00  -6.30344673e-02  -8.13931558e-01
   -1.80840876e-01  -1.76415490e+00   2.20301205e+00  -9.98456661e-01
   -5.74673271e-01  -4.23993743e-01   6.24924125e-02  -4.33651921e-01
   -5.53142381e-02  -1.08442596e+00  -1.65375735e-01   2.11405122e+00
   -3.15763224e-01   2.01986242e-01   5.83191264e-01   1.57211404e+00
   -1.10135446e+00   1.75085904e+00  -1.06504646e+00   3.58920556e-01
    1.54888124e+00   4.57930436e-01   5.60946474e-01   1.11297864e+00
   -1.30044580e+00   5.40209154e-01]]
