-7.162973262370180283e-01
1.080722442733598410e+00
1.671730506401075900e+00
-6.974954182091384070e-01
3.106326925848553744e-01
-2.327827805140113560e-01
1.045200558636550037e+00
2.253876031624995058e+00
-3.136779961681365747e-01
-6.084789906913290469e-01
-4.814116781489283792e-01
1.444839161437429187e+00
5.061040961067373445e-01
5.619536062720354996e-01
5.700801215049362547e-01
9.801223559979741484e-01
-1.473180875615910379e+00
-1.274521751843194606e+00
-1.873354246667456868e-01
9.887450449197744407e-01
-7.522070443909411042e-01
1.496951201135570120e+00
6.039610791672407331e-01
-2.274327014911007028e-01
8.995484317688362541e-02
1.088900123277233511e+00
-9.012973309681894529e-02
8.154424905259579637e-01
-9.595743470184708857e-01
1.066980728445643817e-01
3.033000688991216443e-02
-2.385833308842480738e-01
-1.371605264050395734e+00
-1.063371847331866293e+00
-7.066764813415369328e-01
-2.359469905985707161e-01
-3.889705647682968337e-01
-3.875640496371651200e-01
9.466547626393598813e-01
-1.344844415529533155e+00
1.022613183964743433e-02
-1.078064980865897970e+00
-2.896268552217393100e-01
-1.653038947926285029e+00
-6.544615084506772984e-01
-8.800498137957268874e-01
-1.217821796603475004e+00
-1.180238032636486745e+00
-2.334575513597995366e-01
-2.136973549691195406e-01
