-2.220805941558356285e+09
3.027061948333549976e+09
4.984585207329260826e+09
-3.318878850227088854e+07
5.234325020206971765e+08
-5.745053049079061508e+09
-1.898025133835341632e+08
2.545968355341878414e+09
6.536240499270740509e+09
-7.124203007493613958e+08
1.762906058223183155e+09
-1.521270457740146518e+08
1.326542758727802992e+09
-6.418719247877151489e+09
5.734537504331395626e+08
-7.683118976212052107e+08
-2.336905066387654781e+09
-6.444393059018279076e+09
-6.296798893056582212e+08
2.800463934047227502e+08
1.011249887143058926e+08
-3.136712544020977020e+09
-1.447730724730564654e+08
-1.066032193061300874e+09
2.335197194059764385e+09
3.405328677627734184e+09
6.041916732876356840e+08
-1.383192177534135878e+08
-2.432717549236824512e+09
-2.893405266056991577e+09
-4.709847995881741524e+09
2.232868405000438690e+09
-1.541279967873117208e+09
-4.074140615478002071e+09
-8.970239246691864729e+08
1.650934347628635168e+08
1.087933788244937420e+09
9.073550610200024843e+08
-3.571644529129690528e+08
3.771075605757198334e+08
1.186742656254747152e+09
-1.483094059207595825e+09
-1.554343636081880808e+09
-7.782428602407310486e+09
-9.874275348765994608e+07
-1.971207098198944032e+08
3.650164819850680828e+09
-2.810166738833454132e+09
2.121270413528650999e+09
1.387348077270518780e+09
