-2.235782527192642212e+10
1.610755271203939056e+10
3.327561835623739243e+10
2.681260443380335808e+09
8.303584160597604752e+09
-5.034989967392434692e+10
-8.335907898231097221e+09
1.445088477881629372e+10
4.091349292243906403e+10
4.737161538740363121e+09
2.583035607097236633e+10
2.831292343369810104e+09
1.186948172281651497e+10
-3.398112747716449356e+10
5.606192266116623878e+08
-1.626577256826859283e+10
4.380462546673839569e+09
-1.527376855935807228e+10
-2.091412531333498955e+09
-2.147568883490295410e+10
1.873719928108773041e+10
2.453617255705712509e+10
-5.392594577667034149e+09
-1.043275689636756182e+09
1.330578370749767685e+10
1.792754038156055450e+10
-4.153064816319284058e+10
-3.068902725190625191e+09
1.218249462301148224e+10
-3.041505919421318436e+10
-3.116620003969504547e+10
-1.442155532506988525e+09
2.160594148168892288e+10
-2.566937552256056595e+10
1.717297928719955444e+10
4.262745102035541058e+09
6.105042880330711365e+09
-3.748073022278664708e+08
-1.181986813282196760e+09
-8.527634381913737297e+09
7.167384371507203102e+09
-1.255466924364779854e+10
9.845131798424505234e+09
-2.922231507590456009e+10
2.884274705292332840e+10
9.314749264260541916e+09
-3.643904502098434448e+09
1.279907492519748497e+10
-2.364660737254736328e+10
-1.876250957586809540e+10
