-2.846412106060125977e+12
1.164890952069686768e+12
1.659762219442303467e+12
-9.383954300351214600e+10
1.959523166537395630e+11
-3.122459747965127930e+12
1.276801486070409546e+11
7.686378197412735596e+11
1.765671096041102051e+12
-2.506619919863995667e+11
8.199922813983723145e+11
-3.335922028491423950e+11
1.539398617077968018e+12
-2.059584663662080566e+12
7.183849523616409912e+11
-1.346007439818662109e+12
6.727555051693367920e+11
-9.385920500230219727e+11
-1.054068460023927002e+12
-1.034879956655276978e+12
6.247009578365480957e+11
1.432174311840794678e+12
-7.622135276043286133e+11
6.850100513223039551e+11
6.714194009735244141e+11
8.777232955904483643e+11
-1.609319750253502686e+12
-9.128521651758066406e+11
-3.893816637166823120e+11
-2.284427451195294922e+12
-8.549165575014582520e+11
2.980386649058056641e+11
2.553570471514778137e+11
-1.277073735883313965e+12
8.134763521740859375e+11
-4.706634828973886719e+11
-3.201801718381155396e+11
4.957420560424105225e+11
3.499646615238810425e+11
-3.506530218986096191e+11
-7.931732988097167969e+11
-6.133992591958737793e+11
-7.161920465861063232e+11
-1.890048943344720703e+12
1.372782466177241211e+12
1.534312410926764893e+12
-6.989993818802451172e+11
3.355332664378009644e+11
-9.126603285019895020e+11
-8.371139861468588867e+11
