-1.081939016571975400e+16
5.441742090551193000e+15
7.575035503020267000e+15
1.067694227209045500e+15
-4.137011665836218125e+14
-1.250188285626032400e+16
-1.041642377748183750e+15
6.165893451133565000e+15
6.939595281876690000e+15
-2.984550636077855500e+15
3.176596391562793500e+15
-6.019622166635351250e+14
3.932572441503990500e+15
-9.408950802829468000e+15
2.366398207209472500e+15
-3.954624035222746500e+15
7.682179849291806250e+14
-8.507632789569268000e+15
-4.418191957315701500e+15
-2.387070459221697000e+15
5.199255401765971250e+14
7.203327952285212500e+14
-3.478219108715990000e+15
4.818577759404753125e+14
1.840032953577579000e+15
3.293918175002220500e+15
-9.643891962675665000e+14
1.208478532631811250e+14
-3.736914470195846000e+15
-8.695320198581586000e+15
-5.351941301441370000e+15
3.127523569002304500e+15
1.427684001450842250e+15
-5.386139495483301000e+15
4.471715134361360000e+14
-2.061246963934255000e+15
-2.669866864330986250e+14
5.183736574621513125e+14
2.065648004756308500e+15
-2.474935995780676000e+15
-3.552589024903785000e+15
-2.044664418666415500e+15
-4.035684167189026500e+15
-1.438032935178716400e+16
1.485697391876250500e+15
6.656327173166304000e+15
7.913170470191105000e+14
-1.859281789864967250e+15
7.788663844312810000e+14
-8.216796509073186250e+14
