-5.368183230238262400e+17
3.432500471128668160e+17
5.624316438442592000e+17
3.343084930957023600e+16
3.119899583810058800e+16
-8.085373208410956800e+17
-4.547746689420843200e+16
3.149346452722872320e+17
5.199184318691564800e+17
-1.001520552875247360e+17
1.867038900865525120e+17
-5.818074642383790400e+16
2.190911972384343040e+17
-6.924239185007742720e+17
1.474712087629304640e+17
-1.903165359935441280e+17
-7.896832553390968000e+16
-5.810856940608569600e+17
-2.368725372222022720e+17
-1.029217301427631680e+17
5.027803970834377600e+16
-5.809099066517231200e+16
-1.787948139567528640e+17
-1.387633578632393000e+15
2.125752367579758080e+17
3.025436565784049280e+17
-1.122792991609304640e+17
1.542766090184881200e+16
-2.671983162890604800e+17
-4.901563184557798400e+17
-4.468415757812588160e+17
2.485449129733073920e+17
5.295088621952586400e+16
-3.751835472441493760e+17
-4.602600611351523000e+15
-9.312992983551593600e+16
1.886096952645189200e+16
4.185508054074152000e+16
1.290325630889469280e+17
-7.687522949886796800e+16
-9.893363417382137600e+16
-8.538316540194571200e+16
-1.947600617841624320e+17
-8.790103385093875200e+17
1.581745661263752320e+17
2.833754712464665600e+17
1.488823910781684160e+17
-9.308146536918070400e+16
8.303124306898814400e+16
3.385423316638651000e+15
