-3.884388538253751296e+18
2.505930906873694208e+18
4.533230897804017152e+18
-1.471755815627644480e+17
-2.653100567164954000e+15
-6.652323944549728256e+18
-1.940166328411051520e+17
2.422833362955397632e+18
3.769482633167215104e+18
3.758430777275702400e+17
2.016153778257768960e+18
2.285651653666760000e+16
1.534541665790341376e+18
-4.989782138622363648e+18
8.814070947889740800e+17
-2.431964380134567936e+18
-8.513930245713409600e+16
-3.277726078879881728e+18
-1.635202476837078784e+18
-1.614977533020773632e+18
1.147859340532491648e+18
1.471330415408804608e+18
-2.210749808612484608e+18
6.121327592615095040e+17
2.102073281735322624e+18
2.321006758146519552e+18
-3.391749213959424000e+18
-4.010729372313766400e+17
-1.133427288449366272e+18
-3.693993611124668416e+18
-3.748910210265929216e+18
1.241065849597897216e+18
1.988958542945786112e+18
-3.363227348742090240e+18
1.339239276881271808e+18
-2.343193399024760320e+17
-6.220344513334524800e+16
-7.270580831491342400e+16
1.191017271208311808e+18
-1.113969343123431040e+18
-6.076910296724505600e+17
-7.057789028958457600e+17
-5.738723010568339840e+17
-4.688791467993692160e+18
2.485362061515229184e+18
2.185401505105588224e+18
3.603789930798727040e+17
1.035739720147540480e+18
-1.809098013329015040e+18
-1.010497852336955520e+18
