-1.143214890498535782e+08
4.996136562792062759e+07
2.950506448567049205e+07
2.445070140302610025e+07
8.100665124723442830e+06
-1.002702939170467854e+08
-3.619484200143248588e+07
8.076902107758873701e+07
2.322894120163393393e+07
-4.761774385457171500e+07
2.379805312378428131e+07
-2.392354739127523452e+07
1.776606103112079576e+07
-4.647561279984308779e+07
4.740372175767406076e+07
-2.695299106124065444e+07
9.768353834513617679e+06
-9.938814316882430017e+07
-1.900918523875596374e+07
-2.766425444550621510e+07
4.828260234567402862e+06
-2.437939674240098149e+07
-1.957056631670225412e+07
-3.941507894714111462e+06
2.749843295079194475e+06
1.640020651383562945e+07
7.334338295837420225e+07
-1.466463657750055939e+07
-4.417764321895191818e+07
-9.829315486013211310e+07
-4.910335402405210584e+07
3.388360805315304548e+07
3.773747378702539206e+07
-2.590597214427806810e+07
-4.093245413417125493e+07
-1.016914413789350912e+07
-4.448006461983492970e+07
-4.354120011937658302e+06
2.966313544435750693e+07
-4.924820829195179977e+06
-4.643346431039080769e+07
-8.393266700455687242e+05
-4.086871044209937006e+07
-1.387361633411573470e+08
-3.026024828599106893e+07
7.689966510847151279e+07
-1.330773040803500451e+07
-3.549001416471459717e+07
5.590871296867433935e+07
-1.212644643399892375e+06
