-1.740302573826811638e+00
1.716894848523635497e+00
1.085413003315504721e+00
9.108519729686953559e-01
9.685037316179383460e-01
7.395934201692001553e-01
-4.368772861299057009e-02
4.677556331414635116e-01
-8.184299896622708737e-01
1.164835879203224511e+00
5.044229268041156011e-01
8.421983846186631428e-02
3.837722813554116374e-01
-4.645271372029812634e-02
1.132645148643331545e+00
2.658106031897428112e-01
-9.060369779464846340e-01
1.300390167022547061e+00
1.396239823718141038e+00
2.299072536170786163e-01
4.727047679107598821e-01
9.431621222743225008e-01
-4.867287378591732272e-02
-1.528136901151880389e+00
1.057770346271729833e+00
-6.524205641703373360e-01
-1.776367753496748358e+00
-4.396254535584918632e-01
-7.240868449796802331e-01
-5.766525481464546132e-01
-2.587138325971320985e+00
-4.701339020776610506e-02
9.991328373696706233e-01
1.008966965747415678e-01
1.321545400360840949e-01
1.164850619474083748e+00
-4.686255684578286562e-01
-8.185144016662304622e-02
-6.796684084063224773e-01
-1.300805561492244022e+00
-4.507807724484792500e-01
6.320449935686890397e-01
-3.342953504099281936e-01
4.308774735812699319e-01
1.558974236775298339e+00
4.291242904094855204e-01
1.551038841128591583e+00
-1.193159965682985879e+00
2.210903794910905606e-01
8.902357602436091755e-01
