2.868122543709073544e+09
-2.265145562490852833e+09
-1.481694207640914202e+09
4.631383242316191643e+07
4.410370260496849418e+08
-2.556682564093424797e+09
1.309270509317195177e+09
1.402062815579243004e+08
-7.579927898741955757e+08
-4.519311609280648232e+08
5.950516444828758240e+08
-4.845667923541878700e+09
6.768436482081594467e+08
2.723132343169445515e+09
9.995299738716669381e+07
4.812568616682243943e+08
4.665912331372479439e+09
9.026874796414475441e+08
1.158070738486236811e+09
2.587682110642743587e+09
1.021288848185167313e+09
-1.919389726052993536e+09
-5.913954862540501356e+08
-1.782911224933767021e+08
3.339119662029234409e+09
1.953755999031287909e+09
1.700023743450981140e+09
2.044752968284695625e+09
3.310194856135994196e+08
2.962263109568602219e+07
-2.285945052386532307e+09
3.983069706625409603e+09
2.569405422976998985e+08
1.415218918205121756e+09
-1.569728270659590960e+09
-1.770447157077459812e+09
-1.378680126689012051e+08
-3.193367651535847664e+09
2.607587513399286568e+08
1.346448516938998461e+09
-2.698829411117120266e+09
6.291485535534378290e+08
2.302026811778041840e+09
-4.127727089230635762e+08
4.028616425657255054e+08
-1.844763150568659782e+09
1.660584960513870955e+09
3.352320374510262012e+09
-9.396128004040940106e+07
1.704987792863009214e+09
