-2.055200009224987268e+09
-6.409254941242398262e+09
-8.244219804192441940e+09
-5.765172216901916504e+09
8.020571877588661909e+08
-1.036543657586969948e+10
-1.098958571019162369e+10
4.156834904058071613e+09
-1.202978459136616898e+10
-1.326689279089373589e+10
2.127369161367749405e+10
-2.139951357183110809e+10
3.734058868595447540e+09
-1.071740260312582588e+10
7.815522927988683701e+09
-1.221620431856313133e+10
-1.158950023884094810e+10
-2.081402538032756042e+10
1.386449016947390747e+10
4.165999726084615231e+09
3.085852368032798767e+09
-2.470918757488522530e+09
1.149148264888287544e+10
1.890472513399317169e+10
-1.661528245243317413e+10
-1.854775353333601379e+10
7.057330719248662949e+09
-3.849097750559825897e+09
-2.066899135001183319e+10
1.469337472406394005e+10
1.805144138245808601e+09
-8.786317039631433487e+09
-7.435079412626938820e+09
7.027524094543295860e+09
-1.107211423930315399e+10
-2.119393870108859253e+10
-4.089247665438766956e+09
2.288446731630145264e+10
1.421592038668447304e+10
5.194331979118749619e+09
2.611873338217181015e+10
-7.117040476468324661e+09
-2.837797739446699142e+10
4.927194725019833565e+09
2.452900761417064190e+09
-2.104677344368366241e+10
1.613824241717263937e+09
8.990505520262056589e+08
-1.874732084019409418e+09
2.155097806319303513e+10
