-9.490577287866530762e+11
4.626818824568330688e+11
-1.807532906927283020e+11
-6.271055147537478027e+11
6.709830236271427917e+10
8.580981644785085449e+11
-9.098915215659260254e+11
-2.109335588772225037e+11
-2.921898888558487549e+11
-5.214742078928625488e+10
-2.464664031779131775e+11
9.991218617389260254e+11
-2.120935358003859863e+11
-8.502754743114116211e+11
3.994617635465241699e+11
-7.246805929165026855e+11
-1.102465326336676758e+12
-3.653838488157380981e+11
-5.852810388069884033e+11
-9.750130151847260742e+11
-2.133618802759497375e+11
4.933739730937379150e+11
3.840970294055288086e+11
7.647833751544187012e+11
-6.053232054951627197e+11
-7.286712603087104492e+11
-7.739984656984324951e+11
-4.546909246042487793e+11
-3.135706316942888794e+11
4.189266861966192627e+11
2.611186077429167786e+11
-1.716273408478674316e+12
6.520210751332102051e+11
-1.904679502810677185e+11
9.494121987864549255e+10
8.866431184877624512e+11
-5.367945936898422852e+11
1.030205130885492432e+12
5.378205770307658691e+11
-2.828550667626303711e+11
9.656478032651171875e+11
-4.196649303542811584e+10
-1.145981905723459473e+12
1.256805987224611473e+10
-9.353734540902912598e+11
9.521782811615222168e+11
-2.460411870238897400e+11
-1.080931832197827148e+12
-5.107803629922781982e+11
-2.915649450683245239e+11
