3.413203068256918750e+14
-6.505236667602703125e+13
-1.026923388199003125e+14
1.582219207209491250e+14
-6.318883936935680469e+13
-5.192846701021589844e+13
3.089420457669084375e+14
1.322275270892532344e+14
1.387365114282786562e+14
-3.096319243716623828e+13
-1.944424647471265312e+14
-1.684788791968496562e+14
-8.060172217989745117e+12
2.775133644923060625e+14
-3.959487244520424219e+13
1.964766747011036250e+14
3.274016350062826875e+14
1.741750224964279375e+14
1.548605982293756641e+13
3.513038388108304375e+14
2.854466580283958594e+13
-2.990427942188776875e+14
-3.255273761856800625e+14
-1.743692228419528125e+14
2.035563252235880312e+14
2.528755084478769062e+14
8.357096496609946875e+13
2.271368383461694375e+14
1.651168224954142500e+14
-1.463451006400021250e+14
-2.436792246686963750e+14
5.571808841508043125e+14
-1.682607949107000312e+14
3.353949073119735938e+13
-6.335015088523282812e+13
-6.754721678232395312e+13
2.283820046589312812e+14
-2.880117631302345000e+14
-6.826878070761310156e+13
-2.917043846125050781e+13
-3.390412296607093750e+14
3.335035941406258750e+14
5.381782609073245000e+14
-2.743726797226930469e+13
2.618481285694574688e+14
8.731463613321078125e+13
8.179245198320207812e+13
1.844227295978383750e+14
-8.235978927484907812e+13
-2.141706802645919688e+14
