-1.109336985345178281e+14
-1.040084942432285500e+15
-1.335781709353529250e+15
-5.866191115555468750e+14
-7.634656860509990000e+14
-2.976363146305456000e+15
-1.106044127624813500e+15
-2.093778640180585000e+14
4.724714053892421094e+13
-8.091523216358872500e+14
2.748337017629213500e+15
-2.045715065206434750e+15
2.124209320373228500e+15
-3.840229598592027500e+14
7.438414423737565000e+14
-1.388776097681199500e+15
-9.329627928605488750e+14
-3.009155684442004500e+15
2.893199982693402000e+15
2.609170628866391875e+14
1.271261845633893594e+14
1.324084935943479000e+15
1.365742347064408500e+15
-7.756173208436765000e+14
-2.195748583208674000e+15
-6.248282222583216250e+14
5.491122587350935625e+14
-1.220512602756417500e+15
-1.644596184234003750e+15
-2.883067593700385000e+14
1.356530128931065250e+15
-1.941406292693508500e+15
3.046283242524450000e+14
4.072192819996873125e+14
-8.215752530296998750e+14
-2.269574518594593500e+15
1.243419079966442500e+15
7.690936668913667500e+14
9.195494794567320000e+14
1.695435012593432250e+15
1.894924696134701750e+15
-1.658579550098864500e+15
-5.428162503481264000e+15
-3.411137418496920625e+14
-5.847358977321903750e+14
-5.212994675579730000e+15
2.204549896381959500e+15
1.981604993776172500e+15
1.184289732815239500e+15
2.261929745035577500e+15
