1.149656660561771400e+16
-7.027655060985177500e+14
5.977918028948238000e+15
3.855972963209848000e+15
6.790225904465770000e+15
1.482878068030953000e+15
5.334818648095973000e+15
-5.400956205718395625e+14
-1.019059455601779000e+16
-7.888944421124279000e+15
3.959299404025199500e+15
-1.106494816153648400e+16
-2.063671688708763438e+14
8.248899686274129000e+15
-1.530515762233390400e+16
7.993877896994365000e+15
2.041116400673008400e+16
2.522663211892031200e+16
-1.418071854406338600e+16
3.539612526227046000e+15
5.194115087039053000e+15
-2.258958142070200800e+16
-9.275760035820028000e+15
1.264909335000077600e+16
1.758691854679075000e+16
4.391773155729705000e+15
9.824481697525428000e+15
1.060639665945711200e+16
-5.614721598785827000e+15
9.953849933764922000e+15
-2.040361073660206800e+16
2.663120730113908800e+16
-4.136020691524032500e+15
-9.332202069492310000e+14
-4.246897834195661500e+15
-9.622364041689826250e+14
-1.568660120593965400e+16
-1.390319651197116000e+16
-8.264141160985484000e+15
-1.181229790756473800e+16
-2.137597855124449600e+16
4.348606837198169500e+15
2.496381310049729200e+16
3.259301034235873500e+15
8.891533674097314000e+15
1.773759170895049000e+16
-6.476370398509375000e+15
-6.717666666573150000e+14
-6.261042348084851000e+15
1.057068214817795600e+16
