1.231995813165856800e+17
5.433879888210510080e+17
9.412709200564090880e+17
5.267350967097050240e+17
3.742597786376450560e+17
8.375310702519031040e+17
4.568188805884663040e+17
-2.009070713114388400e+16
-1.423110619926346880e+17
2.893562236338773120e+17
-5.131383315620560000e+17
6.147143518049278720e+17
-6.671099738109235200e+17
1.259198708414435840e+17
-8.106038413984198400e+17
9.949545885945465600e+17
5.047399369532769280e+17
1.425578083180419328e+18
-9.487440570962289920e+17
-2.330844526234939520e+17
7.370064804921024000e+16
-6.587067979598931200e+17
-3.572578901389994880e+17
3.053452686872886400e+17
1.030872776658462208e+18
1.215965220872726240e+17
3.313893910363690240e+17
3.475330704754206720e+17
5.920323924584904960e+17
1.362477762910753120e+17
-3.126832879175496320e+17
1.207321718473711872e+18
-3.400651081350885760e+17
-3.403777614857818240e+17
5.850820051203265280e+17
6.301488506662592000e+17
-5.103281826030654080e+17
-4.652915347546589440e+17
-9.198557870226553600e+17
-5.730110327667553280e+17
-1.092226286067951488e+18
-5.759531127697092800e+16
2.024904807272974080e+18
2.769447503396067840e+17
5.238061968270776960e+17
1.516752983287993856e+18
-1.164427760182259712e+18
-6.022511836923034880e+17
-6.130097162313216800e+16
-2.943516025539672960e+17
