-7.539040925117380942e-02
7.867045589449074561e-02
2.527520860549126169e-01
8.631758209431834583e-01
-1.351597691370437282e+00
-8.251579582210148978e-01
3.152137783267752735e-01
-1.583220703236836446e-01
-6.242030084906008414e-01
-7.518037708616187587e-02
-8.189902445315462298e-01
9.598258990698346205e-01
-9.106285042241181182e-01
-2.747962336028330829e-02
7.560080233789795434e-01
4.709289014247581284e-01
-7.362088784716370737e-01
1.164483939449180161e+00
-6.170510067233557772e-01
1.373634108060070469e+00
-5.089420686518053571e-01
-2.573538657393010243e-01
-3.941728804411980813e-01
-1.417295383588189184e+00
-2.524287541212659192e-01
-1.556420987249701460e-01
-1.111299836378739359e-01
-2.306502808013806138e-01
-1.008521868779234776e+00
5.625231898255447227e-01
-4.408825568457442334e-01
4.815036850909169552e-01
4.109320856783664211e-01
8.099937182164436145e-01
-9.403510641300234785e-02
-4.637139232827326187e-03
-6.757912007638793295e-01
4.184644013198728363e-01
-1.149356698407397070e+00
1.147398092722723417e+00
2.124017890359855831e-01
-6.635515671407000715e-01
1.874438087489807558e-01
-3.461955332253355277e-01
2.499801763533331111e-01
8.191724773578310526e-01
-1.082442291556414693e+00
1.340513812267035698e+00
6.155663835370440706e-01
6.866618035817928511e-02
