-1.120061226243664175e+08
1.635200443567858934e+08
3.148573169304067492e+08
1.578477089478243515e+07
-5.321264834714331627e+08
2.458449360130631030e+08
1.827749005023765266e+08
2.128172432341237962e+08
-1.706413903654744327e+08
-1.799041837101145089e+08
4.019271039207744598e+08
-3.286361728306720033e+07
-3.330996263828877732e+07
-1.615384513422606289e+08
3.417473388571364284e+08
4.070049197022220492e+08
-5.750140280670223385e+07
-2.132128204441545308e+08
-4.177348480603104234e+08
3.299820994133687392e+07
-1.257625882092304528e+08
-1.264024432333267778e+08
-5.812325758139199018e+08
-3.303801377846882213e+06
-1.607031293797367215e+08
2.902482185118762404e+07
2.002431668594508469e+08
-8.241459308647528291e+07
8.905900222221714258e+07
-1.031325752885047942e+08
3.567580599011385441e+08
-9.783426556527329981e+07
-2.709983256440551281e+08
1.458383947059156895e+08
1.132655267424305230e+08
-1.573489690180589445e+07
-1.123540434337431341e+08
-4.114864984041087329e+07
-3.241336824125940204e+08
-7.748800112058680058e+08
-1.094057197677256167e+08
6.555516886133285612e+07
3.609510462422987223e+08
-2.062966003003138006e+08
-3.543404024871475101e+08
-6.573417814008548111e+07
-2.615979133667957783e+08
3.169377244310467243e+08
-1.651561441567808986e+08
-1.827786966918119192e+08
