6.414342716877780110e+07
-6.887879218336769938e+07
6.371331122062208503e+07
-1.092103761876219325e+07
-4.971765336023101956e+07
8.501233606658406556e+07
9.113091300894089043e+07
5.668975652692591771e+06
8.797268782854596153e+06
-1.189736848729902320e+07
9.746636245938225091e+07
-2.359984092704681307e+07
3.381674012607876956e+07
7.795589075712922215e+07
-5.750619455973580480e+07
-9.049084914798608422e+07
6.795132138272266090e+07
-3.979454770648096502e+07
7.106247432834483683e+07
1.070283339659523452e+06
-4.250324407462081313e+07
-1.064576833183861524e+08
2.202520786437407136e+08
-1.482869002156530693e+07
4.997594620459993929e+07
-4.445163876748982072e+07
-5.056323905839783698e+07
2.117257878416106999e+08
-4.046364032996708900e+07
-2.497370443872739002e+07
