2.123493419500977099e+08
-3.688011255355707407e+08
-1.190021991578143686e+08
-2.555436132573316097e+08
-3.941699892098501325e+08
9.755337040452031419e+06
-4.268493996649983525e+08
-1.367134195283568501e+08
5.108334656349852085e+08
4.305549959754036069e+08
5.291414082057125568e+08
4.944165125381878614e+08
-3.327250437689142823e+08
1.051712804627018422e+08
7.661492784700763226e+07
2.436987295015865266e+08
1.731756788036566973e+08
-8.026081810406880379e+08
-2.409769457685814798e+08
5.254928363831163049e+08
9.409127973220494986e+08
1.406858739274286926e+08
5.183143128544026613e+08
3.789600957340753078e+08
1.359738786610888876e+07
-1.540989782575811446e+08
7.815518631999142468e+07
2.877671893307322860e+08
-2.924116001212018132e+08
1.036842165892198086e+08
