1.238578706378921204e+11
-2.848465724617359924e+10
-7.043208002655419922e+10
7.452458439025466919e+10
2.110658941688506470e+11
3.255752842069683075e+10
8.897047564192735291e+10
-1.529766751904344177e+11
1.344531222592700386e+10
5.407354437623377228e+10
-2.771146592227693481e+11
2.657370982096221619e+11
-4.373797695557221985e+10
4.718431472339759064e+10
-6.514583423517919159e+10
2.588064449360933685e+10
4.937274452215821838e+10
-1.442591946926525574e+11
1.037691484672059059e+10
1.638140961224646759e+10
3.261843124612089539e+10
2.403734561748354492e+11
1.767803230271763000e+11
1.399189099228725281e+11
-1.618711560916987305e+11
4.822568939110099030e+10
1.537723881753666878e+10
-4.041598370437928438e+08
1.689775103988477478e+11
-3.717867926800588226e+10
-1.169467852036605225e+11
3.859323721638334656e+10
1.585793423494816895e+11
-3.140802394570623779e+11
-1.092646418532006683e+11
1.362176555935838928e+11
1.151233800509810944e+11
-1.128995078172788429e+10
1.206307469601203766e+11
1.853883993119500732e+11
-1.660404501740632019e+11
-6.233017207688528442e+10
-7.909056400276097107e+10
6.016699640741225433e+10
9.109908009426724243e+10
-2.556123452179118958e+11
-1.474400366827514954e+11
-3.379843903116406860e+11
4.638248879116479492e+10
2.107244726843218384e+11
