2.695568767865848064e+09
2.017424495390493011e+10
9.251647588941080093e+09
7.204730833335902214e+09
-3.087976116714010239e+09
-1.210026368911516190e+10
1.041094693398843765e+10
4.490713990746689796e+09
-5.275837493849719048e+09
-5.444381099665540695e+09
1.827219203477308750e+09
1.931059310366565323e+10
-1.168643138802944946e+10
1.222919182586902809e+10
-1.246817482672189522e+10
-2.540964161431982803e+10
-1.145372806599396324e+10
7.963098989149424553e+09
1.344657006093039322e+10
1.589698251380636024e+10
-4.479330149289278030e+09
2.718777826047113419e+09
6.870079257435802460e+09
-1.210938751946583939e+10
9.002239524032596588e+09
1.428887212129326439e+10
5.820572569495971680e+09
7.633071053716383934e+09
5.509630589827116728e+08
-8.848975775539110601e+07
