1.671330305254553833e+11
-1.995937169971785736e+10
7.461854993752169800e+10
3.450606407151000977e+10
-1.569895339001954079e+10
-1.145108116157937164e+11
5.205331560493285370e+10
4.136038723160914612e+10
-4.104613194759841919e+10
6.903254773527201843e+10
-6.845796169203041077e+10
-2.470626189854652710e+11
2.385643906831315041e+09
-6.343597490753199005e+10
-1.420375181953049011e+11
2.164200691902708740e+11
1.834163002269025040e+10
-2.567082124754343033e+10
1.451459061141887817e+11
-2.370659384520311737e+10
2.082990165911981201e+11
1.182399686102104950e+11
-3.143463509488279343e+10
-7.581537915510093689e+09
-2.554255917540469742e+10
-8.356346008835847473e+10
-1.454661298991346130e+11
1.058264102570883369e+10
1.499264995923151245e+11
-1.793265422756527710e+11
