1.256339010004592041e+12
1.390329788548922119e+11
5.819528467252647400e+10
9.258945421669479980e+11
-1.001008388296982422e+12
1.189121147657878418e+12
3.687923974778462524e+11
-3.415123576119671021e+11
4.262992170177634888e+11
3.964401529782424316e+11
1.648933271192277832e+12
1.413096393597263916e+12
3.460244341243279419e+11
-9.109728101730575562e+10
9.492490676049327393e+11
6.352080699413797607e+11
-2.804087544318424683e+11
-1.994594386224630371e+12
-2.069271307239657227e+12
1.095907308701969482e+12
3.155613747516791382e+11
1.824936171999724365e+12
1.176146369914754883e+12
1.561366031574763184e+12
3.935583812517415161e+11
-1.165410189543323242e+12
-3.036422959141224976e+11
2.988591639808705444e+11
-3.375055083623801270e+12
-3.269983158972801514e+11
