-7.601122134220285156e+12
-1.528145510588459229e+12
-1.156783315586570801e+12
-1.186144333486292969e+13
-2.372453691699384277e+12
-1.268232749384143066e+12
8.453628234400394531e+12
-3.518244890062241211e+12
-5.393612268128817749e+11
-1.467551382597693164e+13
-1.200138687530163818e+12
5.056865870741060638e+10
3.840627450187796631e+11
9.954242601516080078e+12
-8.308224070320535156e+12
-8.291733486121914062e+12
4.974531464561306641e+12
9.633185324701951172e+12
8.516599458124133789e+12
-8.681775676631983948e+10
-1.654275121155552344e+13
-8.836969423566185547e+12
-1.723234224928374414e+13
-1.091463773593766406e+13
5.155966243170211792e+11
1.338822327790966797e+12
1.705238859863719482e+12
-1.486480424979134521e+12
9.161754764217466797e+12
4.684327739775925781e+12
