3.439625296667882496e+18
1.031307936825788160e+17
2.377653564206163840e+17
2.981566754951630720e+17
1.154022464072194816e+18
7.193139389393578240e+17
1.881469847887752192e+18
-1.114864739509375616e+18
1.891628324125267968e+18
-1.769555099261856000e+18
-2.336471352980629504e+18
4.520785761190922240e+18
6.777689528973310720e+17
3.185424999239664128e+18
-9.530204408390442240e+17
3.118527493847405568e+18
1.079897361484349568e+18
-1.022222803089037440e+18
-7.946980112345812480e+17
-1.735993351570858496e+18
-1.880339649518845184e+18
1.904608361124532224e+18
4.037998488217928960e+17
2.661919483949949440e+18
-2.714540007038135808e+18
-3.784682510738574080e+17
2.183013083620342528e+18
9.686184792468702400e+16
4.500873654135868928e+18
-3.178357989516032000e+18
-2.878278674195960832e+18
-9.127192222008819200e+17
9.428739820951541760e+17
-4.939720920369757184e+18
-2.057688727642374912e+18
6.881887315514705920e+17
2.712807331290598912e+18
4.593906451602405120e+17
9.681647810517839360e+17
-6.359361803824528800e+16
-4.728984424046660608e+18
-6.795719609599116800e+17
1.906999699247301632e+18
8.396884738561601280e+17
5.270975376525482880e+17
-3.395254035398410752e+18
-9.172522269975070720e+17
-3.337686152047067648e+18
1.218939093921254144e+18
2.709985990430218240e+18
