9.313291768476681318e+04
8.434661269913881551e+04
-1.414962014957895917e+04
1.589612387455016433e+05
5.914776906243407575e+04
8.419424112551368307e+04
-2.953281429182027568e+04
-1.478601581395723406e+04
-3.517321210344981228e+04
7.038930968906696944e+04
-1.675570690553593740e+05
3.249677194214777046e+04
1.666481341271257406e+03
-5.333353418238177255e+04
2.005231250823278606e+04
-2.053649137002389180e+05
-2.028796106962715276e+05
-9.175088562526091118e+04
-1.701362084885265722e+04
-9.922583610625521396e+04
1.051134627955714677e+05
-1.610718609233979623e+04
-4.015667228755074029e+04
-1.429676456290568967e+04
1.125691541404665913e+05
2.075527019814074447e+05
9.791844453870072903e+04
-8.578678646942938212e+04
3.696948325134789684e+03
1.618226538243533869e+05
