-1.024897678404529020e+07
-4.536088507787339389e+06
-2.271202147433091886e+05
3.135729712649435736e+06
-3.474351989833687898e+06
-8.372476150373314740e+05
-2.857180639986991882e+05
-1.762119479445398087e+06
-9.201405339802633971e+06
8.916630782086936757e+06
3.410571271754601039e+06
-5.468859687993939035e+06
-3.672018187926612794e+06
-1.239625861104348302e+07
-9.893524499893008033e+05
-7.920539139914422296e+06
-2.315613503773636650e+06
-5.493320901350550354e+06
-4.930966392947527580e+06
3.922118562614556402e+06
2.606959901378505863e+06
6.161732628990739584e+06
3.257949848656744231e+06
-3.233231414374546614e+06
2.072642207079063868e+06
7.356286616365231574e+06
-6.283242277335466817e+06
-8.925568419429470086e+05
-7.206021113698318601e+06
1.125484994238901511e+07
8.229495199490118772e+06
3.480876212531269528e+06
1.246485163882713998e+06
7.540391455511304550e+06
9.630670101145979716e+05
3.203392472524852492e+06
-3.735664447663068771e+06
-5.790799498441752978e+06
2.206639626368002209e+05
-3.953386760113413911e+06
6.543696242064107209e+06
-3.242164441908839159e+06
-8.555086492293916643e+06
-5.830267744188675657e+06
-3.599226073245362495e+05
-1.267444976256947499e+06
-1.974377600232117809e+06
1.840056691821321147e+06
-5.707867017625795677e+06
-2.158909047553030774e+06
