[[  1.58027561e+00   3.70406303e-01   4.73089289e-01  -4.47694957e-03
   -6.22800431e-02  -1.92025271e-01   8.69406435e-01  -2.18644865e+00
   -6.40362208e-01  -1.17637209e+00   9.39073822e-01   7.49051829e-01
   -1.38432666e+00  -7.78148905e-01   6.56153638e-01  -1.35454194e+00
    3.03424460e-01   1.73122315e+00  -9.75454141e-01  -5.57057097e-01
    8.98906488e-01   2.21031577e+00   3.34457067e-01   4.67690606e-01
   -1.06264302e+00   1.71970209e-01  -1.81490101e-01  -7.74718616e-01
   -4.04072436e-01   3.64947122e-01]
 [ -2.60938312e-01  -8.89800834e-01  -1.58223557e-01  -8.12184353e-01
   -7.99418919e-04   1.88132813e+00  -1.86495158e-01   1.24185481e+00
   -3.48815194e-01  -4.61365985e-01   1.16791930e+00   1.96515161e+00
   -1.13864172e+00  -6.70294885e-01   1.62648094e+00   4.83336692e-01
   -5.60806711e-01   4.58696195e-01  -1.24642393e+00  -2.17033360e-01
    2.14524349e-01  -1.55982888e+00   9.72968408e-01   1.50360469e+00
    4.89308518e-01   1.60552828e+00  -2.71950360e+00   9.71098424e-01
    1.82883234e+00  -4.05266730e-01]
 [ -8.93043138e-01   3.38356783e-01  -2.21351408e-01   7.95973309e-01
    2.97340360e+00  -9.26406123e-01   1.89977709e-01   1.34246557e-03
   -9.43609622e-01  -1.15056231e+00  -7.41440600e-01  -1.10465724e+00
    1.05728951e-01   4.75291018e-02  -7.08005914e-01   4.00029005e-01
   -8.59894534e-01   1.17159864e+00   8.24817524e-01   9.04277792e-01
    2.36321302e+00  -1.13892827e+00   1.46175273e+00   3.41459528e-01
    4.63394136e-01   8.41341206e-01  -2.15058248e-01  -8.83907550e-02
    1.12152658e+00   1.57396971e+00]
 [  1.23973392e-01  -7.62983309e-01   2.89970409e-01  -1.66279005e-02
    3.38021981e-02   2.58506550e-01   4.00311221e-01  -1.11487687e+00
    1.65765329e+00   1.62911972e+00  -1.89742789e-01  -8.07150930e-01
   -1.10580258e+00  -3.46371454e-01  -8.84026506e-01   1.44814203e+00
    6.82095875e-01   2.22362484e-02  -7.28335541e-01   2.89781543e-01
    2.66555319e-01  -9.10067235e-02  -1.02189359e-02   2.02854644e-01
    1.59708127e+00   2.03193699e+00  -3.17497018e-01   1.14697092e-01
    5.37999113e-01  -6.14707746e-01]
 [ -1.58352130e-01  -3.05321972e-01  -3.50914130e-01   4.12369639e-01
    1.85635009e+00  -5.44955351e-01  -2.02366202e-01   4.88061527e-01
    1.09896296e+00  -1.29129537e+00  -6.97663786e-01  -2.42044583e+00
   -5.59597301e-02   8.34949135e-01   2.84339540e-01  -1.83987840e+00
    5.23063132e-01  -7.34724040e-01   1.13247775e-01  -9.16658564e-01
   -3.93020484e-01   8.61848785e-01  -4.03986272e-01  -3.46450671e-01
    7.61912902e-01   7.03645237e-01  -8.88081963e-01   1.96024461e-01
    9.99733766e-01  -1.66677373e-01]
 [  1.19899791e+00  -1.37552909e+00   4.49842462e-01  -2.82528527e-01
   -1.98088076e+00  -9.51622660e-01   6.62132598e-01  -2.42982851e+00
   -5.04313656e-01  -1.93197949e+00  -4.41469652e-01   9.56316697e-01
    2.08342856e+00  -6.44461956e-01  -2.71004796e-01   8.78071099e-01
   -4.48494027e-01  -1.66048574e-01  -8.49471860e-01  -4.23534174e-01
    2.35517255e-01  -2.32664982e-01  -1.08229384e+00  -2.64210697e+00
    4.14964301e-01   1.72516977e+00  -4.05303167e-01  -7.41173156e-02
    4.96511263e-01  -6.62116468e-01]
 [ -2.36025867e-01  -4.84314037e-01  -6.45749670e-01  -1.26653729e+00
    1.56758643e+00   1.30978181e+00   8.17649914e-01  -4.45270876e-01
   -3.67368178e-01   9.12199619e-01  -9.40116883e-01   2.29889971e-01
    4.17935959e-01   3.39002955e-01   4.60474566e-01  -2.88109382e-01
    1.14677589e-01  -1.64963399e-01   2.36954536e-01   1.71314339e+00
    2.06864951e-01  -1.68244647e+00  -1.74778832e+00   2.47794175e+00
   -1.44638014e+00   1.65352343e+00  -1.24969348e+00  -6.01956284e-01
    2.77516416e-01   6.37726995e-01]
 [ -1.67494609e-01  -3.26649251e-01   4.11187167e-01  -2.33816946e-01
   -1.13570714e+00   2.08844275e-01  -3.13729834e-01   1.72453506e+00
    7.26960322e-01  -5.06421350e-03  -1.13493812e+00  -1.84805989e+00
   -1.75432821e-01  -2.94428881e-01  -3.11946874e-01  -1.55803480e+00
   -1.30199994e+00   1.20046559e-01  -8.78016602e-01   8.31833733e-01
   -5.75185967e-01  -7.49742682e-01  -8.64215178e-01   4.37349041e-01
   -4.39023598e-01  -1.19319150e+00   7.54354712e-01   8.85022677e-01
    5.65702334e-01   9.49618367e-01]
 [ -6.71308205e-02  -5.11461931e-01   1.59132739e+00  -1.95185413e+00
    8.71922484e-01  -7.43294121e-02  -2.79118312e-01  -6.10908835e-02
   -1.51534237e+00   1.08198115e+00   5.61459070e-01   1.11178714e-01
   -2.66884594e+00  -2.21799627e+00  -9.93878867e-01   4.92053370e-01
    1.03294544e+00   6.73108115e-01   9.09740027e-01  -1.71458688e+00
    6.87389685e-01   7.19164982e-01   1.22709862e+00   1.12972056e-01
    3.04073658e-01  -3.76161834e-01   1.76858242e-01   8.55313370e-01
    1.87514059e+00  -3.64833799e-02]
 [  1.55187266e+00  -5.43475240e-01  -3.26507623e-01   9.19508076e-01
   -1.27896104e+00   9.16035713e-01   6.56841364e-01   1.03890340e+00
    9.37618840e-01  -8.11179810e-01  -8.17380849e-01   5.85470365e-01
   -7.39695410e-02   6.84019897e-01  -1.10553936e+00  -9.88638361e-01
    4.68051682e-02  -8.83747003e-01   1.60973889e+00   1.11534650e+00
    2.67261350e-01  -1.56147061e+00  -7.88070126e-01   6.48554799e-02
    6.95286169e-02   5.95739219e-02   7.08994754e-01  -9.18647795e-01
   -1.07323112e+00  -5.71847471e-01]
 [ -6.24347671e-02   5.42225021e-01  -1.22114848e+00  -1.86813947e+00
   -4.62098891e-01  -7.00262139e-01   2.12317968e-01   1.75630542e+00
    6.87589221e-01   8.49751363e-01  -1.14945171e+00  -7.12123568e-01
    3.26054395e-01   5.91613370e-01   2.64159000e-01  -2.54806860e-01
   -2.01416018e+00   1.24548216e+00  -4.75927312e-02  -1.14675290e+00
   -2.08769130e-01   7.11210230e-01   7.89693100e-01  -1.61023076e+00
    2.00260085e-01   1.07158711e+00   6.82458966e-01   1.46053321e+00
   -8.01485296e-01  -5.82480955e-01]
 [  3.59744571e-01  -5.80191912e-01   2.79984881e-01   6.28112943e-01
   -2.17762201e+00  -5.39706693e-01   1.26870854e+00   2.45643173e-01
   -6.92866234e-01   1.64283173e+00  -5.11720754e-01  -1.83730391e-01
    9.28056281e-01  -7.86606401e-01  -1.47846588e-02   6.58435982e-02
    6.03468016e-01  -1.78630415e+00  -1.06302469e-01  -7.76084297e-02
   -7.82439206e-01   1.38134994e-01  -3.31661494e-01   9.49190965e-01
   -2.75493505e-01  -5.72838796e-01   2.09038476e-01  -1.24677636e+00
   -6.01065490e-01  -6.02399610e-01]
 [ -7.76211800e-01  -8.22169788e-01  -1.55660194e+00   9.21801905e-01
    1.83492907e+00   7.65269405e-01   6.26311605e-01   1.46620060e+00
   -5.37794046e-01   3.56161191e-01   1.60787522e-01  -5.03469986e-01
    7.22564380e-01   5.12663994e-01   1.13386804e+00  -5.68951365e-01
    8.78709887e-01  -4.55490372e-01   5.30561788e-01  -2.39832986e+00
    7.96622582e-01   1.48158389e+00   6.30159058e-01   1.42611369e+00
    1.41810023e-01   1.60804954e+00  -4.54552638e-02  -1.73277875e+00
   -6.29642985e-01   2.75974512e-01]
 [ -2.22334508e-01   2.92842064e-01   2.58582173e-01  -9.72474956e-01
    4.33724370e-01  -1.12768790e+00   1.03305139e+00   8.26890308e-01
    2.02182227e+00   8.32312083e-01   6.01642220e-01  -5.34383372e-01
    1.83195091e-01  -7.47329949e-01  -1.52575216e+00   9.97764027e-02
   -3.08549776e-01  -2.48211359e-01  -2.07712994e+00  -1.52757608e+00
    5.78973952e-01  -1.95298625e+00   1.80803611e+00  -3.41856953e-01
    8.78040327e-01   8.64395728e-01  -2.91136311e-01   8.07241643e-01
    1.20037266e-01  -7.77892562e-01]
 [  6.49401073e-01   4.85031798e-01  -1.17316197e+00   4.23607138e-01
   -6.26646459e-01  -3.26045024e+00   6.31535452e-01  -9.15590783e-02
   -6.70639299e-01   6.38326224e-01  -4.55885909e-01  -9.12434640e-01
   -9.24663463e-01   2.43107979e-02   2.81056763e-01  -7.84241455e-01
   -1.26004336e+00  -4.73627064e-02   5.19188968e-01  -2.51257720e+00
    1.68984743e+00  -6.41509059e-01  -1.23269130e+00  -5.12636767e-01
   -9.09163610e-01   9.97900573e-01   7.82644126e-01   1.77695471e+00
    6.74184240e-01   6.89963934e-02]
 [  1.08265086e+00   8.42596622e-02   4.49255759e-01   6.09195575e-02
    1.88653654e-02   1.44300772e+00   1.19550799e+00   3.21260247e-01
    9.44867012e-01   2.72436274e-01  -6.26509165e-02  -4.86836707e-01
    1.20604424e-01   3.42766775e-01  -3.99930444e-01   2.88271379e-01
    2.03162897e-01  -3.70287157e-01  -4.96220468e-01  -3.66689318e-01
    4.74931006e-01   1.14182648e+00  -3.47437251e-01   9.50085149e-01
    4.24569480e-01   1.28056964e+00  -1.06128357e+00   3.39317838e-01
   -9.57186492e-01   4.58051921e-01]
 [  1.39253450e+00  -6.44825693e-01  -5.29825414e-01   1.96056283e-01
   -2.02982263e+00  -2.88033817e-01  -1.26108069e+00   5.09084549e-01
    9.13713544e-01   3.03671452e-01   1.22648280e+00  -1.04400026e-01
    2.58766994e-01   5.19271583e-01  -8.88939452e-01   2.30528245e-01
   -2.43309086e-01   1.06079211e+00   2.34740465e+00   8.08561354e-01
    1.19313533e+00   1.18713474e+00  -1.13867055e+00  -2.58530625e-02
    2.90166689e-01  -2.44308010e-01  -8.09345916e-03  -5.73120086e-01
    2.10223784e-01  -1.07896472e+00]
 [  2.26718677e-02   1.33628543e+00   1.20424455e+00  -1.15765372e+00
   -6.77328216e-01  -1.73616700e+00  -1.44417825e-01   4.41806167e-02
    1.58725354e+00   1.07068263e-01   1.06096919e+00   7.50937801e-01
   -7.23568606e-01   2.56868484e+00   1.46249363e-01   3.60216087e-01
    2.32654072e+00  -3.32518327e-01  -1.52723672e+00  -1.05775120e-01
    4.13319161e-02  -6.72265056e-01   2.29717744e+00  -1.25837582e+00
   -4.76174717e-02  -4.44815376e-01   2.52206032e+00   7.04748219e-01
   -1.19974828e+00   7.01712941e-01]
 [  7.84083214e-01   1.89523304e+00   6.70318607e-01  -8.19608281e-01
    1.67823980e+00  -1.23613024e+00  -1.26444484e+00   3.83589131e-01
   -9.16942203e-01  -9.25237124e-01   5.06133712e-01   8.08528281e-01
    3.46282688e-01   1.30232951e+00   1.19582953e-01  -2.44195553e-01
   -5.81555370e-02  -1.13134063e+00   5.47352077e-01  -3.11877565e-01
    1.07243679e+00  -7.38822775e-01   8.82270458e-01   4.97566048e-01
    7.13395620e-02  -1.70804760e-01   2.83775258e-01  -7.03507509e-01
    1.28328193e+00   3.39083902e-02]
 [ -2.17736325e+00  -9.93710153e-01   4.44026573e-01   9.60363777e-01
    1.41617582e-02  -8.27071519e-01   7.03538841e-01  -1.18809948e+00
   -3.69379216e-01  -1.08968631e+00   6.05111407e-01   6.13685968e-04
   -1.28026107e+00   8.77990143e-01   1.24249653e+00   1.15189778e+00
    5.04699225e-01  -1.14497521e+00  -3.58781504e-01  -7.24407952e-01
    1.90346314e+00   7.92272482e-01   7.55647643e-01  -1.94600571e-01
    3.83222541e-01   1.54103158e+00  -2.31160438e-01   1.67104893e+00
    6.34009469e-01  -5.99389704e-01]
 [  2.12747050e+00   5.50575451e-01  -6.56437906e-02   2.69405764e-01
    2.11615426e-01   7.95436936e-01   1.51247290e+00  -6.31289985e-01
   -2.33317548e+00  -5.54910163e-01  -2.19694452e-01  -7.27161454e-01
    1.58159014e+00  -8.38493340e-01   4.47538238e-01  -1.97028963e+00
   -3.87441716e-01  -4.32908985e-01  -1.35986081e-02  -7.59730926e-01
   -8.43239402e-01  -4.55277176e-01  -8.68974376e-01  -3.41176315e-01
    5.89143020e-01  -7.18845500e-01   3.62046841e-01  -3.16971567e-01
    4.47560212e-01   2.08247479e-01]
 [ -5.91297762e-01   7.45121850e-01   8.38800172e-01   4.97074347e-01
   -1.29527317e+00  -1.22137061e+00   4.38850551e-01   4.04083187e-02
   -7.68708051e-01  -7.98632288e-01   4.56930187e-01   1.35996555e-01
    6.29556607e-01  -3.49277869e-01   2.27528866e-01   5.64541566e-01
   -3.09958746e-01   1.50012951e-01  -5.07036526e-01  -5.98116129e-01
    1.82768115e-01  -2.88992882e-01   6.98547481e-01   2.69867055e+00
    2.01129995e-01  -4.51494123e-01  -7.90649115e-01  -7.25216248e-01
    9.52403815e-01  -6.86691470e-01]
 [  1.39310198e-01  -8.88516262e-01  -1.38447565e+00  -3.12505560e-01
   -1.08641905e+00  -2.99804091e-01   5.42392648e-01   1.53754006e+00
   -1.04728642e+00   1.37708096e+00   1.10675609e+00   9.18018548e-01
   -2.09843962e-01  -4.62140955e-01  -6.29745792e-01   2.38927140e-01
    4.92576811e-01  -1.30525586e-01  -6.37747399e-01  -1.63049340e+00
   -3.67832859e-01  -1.75378088e+00  -2.16829168e-01  -1.14157114e-01
    5.77782379e-01  -5.72702226e-01   2.02396114e-01   1.21748582e-01
    1.66799594e+00   4.00554382e-01]
 [  5.51574488e-01  -5.58858621e-02   8.65841304e-01  -2.01323091e+00
    3.60474569e-01   1.55267887e+00  -2.15608198e-01   8.67631560e-01
   -3.17938832e-01  -7.63667558e-01   3.49817863e-01   1.13370531e+00
   -1.16096149e+00  -4.45439449e-02  -8.30647952e-02   1.08511632e-01
   -1.38174825e+00  -4.33986630e-01   1.81181983e+00  -2.57638414e-01
    7.39626867e-01  -1.38908260e+00   2.01622719e-01   4.43143375e-01
    4.27207930e-02  -2.76914474e-01   1.04668150e+00   2.34320424e-01
   -3.34455776e-01   1.67850595e+00]
 [  1.62935623e+00  -1.24611401e+00  -9.21009103e-01   2.20972344e+00
   -2.61535500e+00   8.84881436e-02  -4.96801311e-01  -2.40538756e-01
    1.93984498e-01   1.42802644e+00  -3.27695969e-01   9.15982510e-01
    7.69115186e-02  -8.11727443e-02   3.74564098e-01  -1.76177084e-01
   -2.25140560e+00   6.24940651e-01  -5.42729972e-02   9.41135796e-01
    5.44346767e-02   2.26536722e+00  -4.69764218e-01  -5.84136517e-02
    5.56816852e-01   1.13181086e-01  -1.29567624e+00  -1.58393879e-01
   -1.33878187e+00  -9.19569781e-01]
 [ -1.10420747e+00   1.22269385e+00   1.15483318e+00   1.28010393e-01
   -5.09762404e-01  -4.33583837e-01  -2.29825887e-02   7.97161690e-01
    1.13132944e+00  -1.47666427e-01  -4.45013756e-01  -1.80577080e-01
   -8.10732539e-01   1.76640602e-01   9.47780435e-01  -4.98442913e-01
   -7.17467030e-01   9.38651595e-01  -5.02931769e-01  -7.22833057e-03
    6.89690520e-01   2.07369733e+00  -1.48969811e+00  -5.93900951e-03
   -4.88836249e-01   7.08049914e-01   9.46847466e-01  -9.68422370e-01
    2.88128624e-01  -5.81093175e-02]
 [ -1.52772387e-01  -1.27078976e+00   1.21552331e+00  -1.30409784e+00
   -7.39878254e-01  -1.48922232e+00  -7.25733986e-02  -4.47760112e-02
    1.12156033e+00  -2.79352727e+00  -2.77218955e+00  -1.30207691e+00
    2.24007646e-01   1.13649982e+00  -2.68952034e-01   9.58456111e-01
    3.16728324e-01   1.01163741e+00  -6.06813028e-01   1.82878424e-02
    2.31968988e-01  -3.46372115e-02   1.57843305e+00  -7.12958602e-01
    9.04580462e-02   1.51673909e+00  -9.14184047e-01  -5.51566229e-01
   -2.65867334e-01   5.30014476e-01]
 [  3.54366328e-01   3.00052730e-01  -9.06205361e-01   1.37300953e+00
    9.01263043e-01  -1.95374439e-01  -6.73191510e-01  -2.42505964e-01
    5.94442722e-01  -3.42079673e-01   6.74387113e-01   8.19521401e-01
    1.68230542e+00  -4.30689655e-01  -1.54645297e+00   4.34287631e-01
    1.57790875e-01   1.28127071e+00  -5.20794438e-01   1.23929831e-01
   -3.08973258e-01  -9.26803694e-01   7.39722965e-01   1.67960971e+00
    3.78282356e-01   9.15338100e-02  -3.61833423e-01   1.57414138e-01
   -2.62944128e-03   3.39887436e-01]
 [ -1.25431916e+00  -2.35558132e+00   2.91828679e-01   1.36655695e-02
   -9.45312379e-01   6.52013336e-02  -7.30010845e-01  -1.70011124e-01
    1.49632346e+00   5.62086530e-01  -2.53282999e+00  -3.12742060e-01
    1.47535476e+00   1.27107749e+00   1.73359542e-01  -1.78606476e-01
    4.11222421e-01   2.41570618e-01   2.65381411e-01  -2.30638949e+00
   -1.14676667e+00   7.14283700e-01   1.46468058e-01   3.28402997e-01
    3.00829101e+00  -6.02839674e-01  -6.40590603e-01   2.26176037e+00
   -8.16054495e-01   1.43530402e+00]
 [  1.44632440e+00   1.76165329e+00   1.55812128e+00   1.16456432e+00
    9.50721826e-01  -2.06479362e+00  -1.05494209e+00   3.04184104e-01
    6.69315366e-01  -1.08373559e+00  -1.26029811e+00   1.02844325e-01
   -1.36100594e-04  -2.57758238e-01  -1.72809584e+00   1.00298490e+00
    4.97787800e-01  -2.47422825e+00  -5.73008030e-01   1.13888836e+00
    4.60638787e-01   3.92821786e-01   5.02479119e-01   9.42929918e-01
   -4.69405728e-01  -1.77788513e+00  -3.86776602e-01   2.07111270e+00
   -4.15216861e-01   5.59968953e-01]]
